-1000 -0.058692
-999 -0.059251
-998 -0.0603689
-997 -0.0614869
-996 -0.0609279
-995 -0.0603689
-994 -0.0603689
-993 -0.0603689
-992 -0.058692
-991 -0.058692
-990 -0.0598099
-989 -0.059251
-988 -0.0575741
-987 -0.058692
-986 -0.0564561
-985 -0.0564561
-984 -0.0570151
-983 -0.0570151
-982 -0.0508664
-981 -0.0531023
-980 -0.0519843
-979 -0.0531023
-978 -0.0525433
-977 -0.0536613
-976 -0.0531023
-975 -0.0514254
-974 -0.0508664
-973 -0.0503074
-972 -0.0469536
-971 -0.0469536
-970 -0.0447177
-969 -0.0413639
-968 -0.0402459
-967 -0.038569
-966 -0.0363331
-965 -0.0363331
-964 -0.0352152
-963 -0.0352152
-962 -0.0352152
-961 -0.0352152
-960 -0.0346562
-959 -0.0346562
-958 -0.0329793
-957 -0.0340973
-956 -0.0340973
-955 -0.0340973
-954 -0.0340973
-953 -0.0340973
-952 -0.0346562
-951 -0.0346562
-950 -0.0335383
-949 -0.0257127
-948 -0.0257127
-947 -0.0223589
-946 -0.0212409
-945 -0.0229178
-944 -0.0229178
-943 -0.0223589
-942 -0.0234768
-941 -0.0223589
-940 -0.0223589
-939 -0.020123
-938 -0.0184461
-937 -0.0184461
-936 -0.0173281
-935 -0.0139743
-934 -0.0100615
-933 -0.0100615
-932 -0.0100615
-931 -0.00950252
-930 -0.00726663
-929 -0.00670766
-928 -0.00726663
-927 -0.00894354
-926 -0.00894354
-925 -0.00894354
-924 -0.00894354
-923 -0.0100615
-922 -0.0100615
-921 -0.0122974
-920 -0.0078256
-919 -0.0100615
-918 -0.0111794
-917 -0.0111794
-916 -0.0156512
-915 -0.0173281
-914 -0.0173281
-913 -0.0162102
-912 -0.0162102
-911 -0.0150922
-910 -0.0150922
-909 -0.0122974
-908 -0.0122974
-907 -0.0122974
-906 -0.0122974
-905 -0.00558971
-904 -0.00558971
-903 -0.00614869
-902 -0.00503074
-901 -0.00503074
-900 -0.00614869
-899 -0.00503074
-898 -0.00950252
-897 -0.0128563
-896 -0.0134153
-895 -0.0162102
-894 -0.0173281
-893 -0.0173281
-892 -0.020123
-891 -0.019005
-890 -0.020123
-889 -0.019564
-888 -0.0162102
-887 -0.0184461
-886 -0.019564
-885 -0.019564
-884 -0.019564
-883 -0.0217999
-882 -0.0212409
-881 -0.0206819
-880 -0.0206819
-879 -0.019564
-878 -0.0206819
-877 -0.0240358
-876 -0.0318614
-875 -0.0374511
-874 -0.0374511
-873 -0.0380101
-872 -0.039128
-871 -0.0402459
-870 -0.039128
-869 -0.039128
-868 -0.0380101
-867 -0.0374511
-866 -0.0374511
-865 -0.0374511
-864 -0.0357742
-863 -0.0374511
-862 -0.0424818
-861 -0.0430408
-860 -0.0430408
-859 -0.0408049
-858 -0.0408049
-857 -0.0424818
-856 -0.0424818
-855 -0.0424818
-854 -0.0435998
-853 -0.0447177
-852 -0.0447177
-851 -0.0491895
-850 -0.0491895
-849 -0.0491895
-848 -0.0458357
-847 -0.0458357
-846 -0.0458357
-845 -0.0458357
-844 -0.0469536
-843 -0.0491895
-842 -0.0491895
-841 -0.0491895
-840 -0.0491895
-839 -0.0491895
-838 -0.0491895
-837 -0.0480715
-836 -0.0480715
-835 -0.0480715
-834 -0.0486305
-833 -0.0508664
-832 -0.0519843
-831 -0.0519843
-830 -0.0519843
-829 -0.0519843
-828 -0.0514254
-827 -0.0508664
-826 -0.0508664
-825 -0.0519843
-824 -0.0525433
-823 -0.0525433
-822 -0.0525433
-821 -0.0525433
-820 -0.0525433
-819 -0.0525433
-818 -0.0525433
-817 -0.0503074
-816 -0.0503074
-815 -0.0491895
-814 -0.0491895
-813 -0.0491895
-812 -0.0486305
-811 -0.0486305
-810 -0.0497485
-809 -0.0497485
-808 -0.0491895
-807 -0.0447177
-806 -0.0469536
-805 -0.0469536
-804 -0.0475126
-803 -0.0469536
-802 -0.0469536
-801 -0.0458357
-800 -0.0458357
-799 -0.0413639
-798 -0.039128
-797 -0.039128
-796 -0.0374511
-795 -0.0402459
-794 -0.0402459
-793 -0.0402459
-792 -0.0408049
-791 -0.0408049
-790 -0.0408049
-789 -0.0402459
-788 -0.0402459
-787 -0.0402459
-786 -0.0419229
-785 -0.0419229
-784 -0.0419229
-783 -0.0419229
-782 -0.0419229
-781 -0.0430408
-780 -0.0408049
-779 -0.0413639
-778 -0.0374511
-777 -0.0357742
-776 -0.0335383
-775 -0.0368921
-774 -0.0363331
-773 -0.0368921
-772 -0.0346562
-771 -0.0346562
-770 -0.0324203
-769 -0.0313024
-768 -0.0313024
-767 -0.0296255
-766 -0.0301845
-765 -0.0301845
-764 -0.0301845
-763 -0.0301845
-762 -0.0324203
-761 -0.0324203
-760 -0.0313024
-759 -0.0290665
-758 -0.0273896
-757 -0.0234768
-756 -0.019564
-755 -0.019005
-754 -0.0206819
-753 -0.020123
-752 -0.019564
-751 -0.019005
-750 -0.019005
-749 -0.019005
-748 -0.019005
-747 -0.019005
-746 -0.019564
-745 -0.019564
-744 -0.019564
-743 -0.0162102
-742 -0.0134153
-741 -0.0117384
-740 -0.0117384
-739 -0.0117384
-738 -0.0117384
-737 -0.00838457
-736 -0.00950252
-735 -0.00950252
-734 -0.00726663
-733 -0.00503074
-732 -0.00726663
-731 -0.00503074
-730 -0.00558971
-729 -0.00614869
-728 -0.00614869
-727 -0.00614869
-726 -0.00670766
-725 -0.00670766
-724 -0.00447177
-723 0
-722 -0.000558971
-721 -0.000558971
-720 -0.000558971
-719 -0.000558971
-718 -0.000558971
-717 -0.000558971
-716 -0.00111794
-715 -0.00223589
-714 -0.0039128
-713 -0.00670766
-712 -0.00558971
-711 -0.0078256
-710 -0.00894354
-709 -0.00894354
-708 -0.0100615
-707 -0.0100615
-706 -0.0100615
-705 -0.00558971
-704 -0.00503074
-703 -0.00503074
-702 -0.00447177
-701 -0.00670766
-700 -0.0134153
-699 -0.0178871
-698 -0.0184461
-697 -0.0184461
-696 -0.0184461
-695 -0.0184461
-694 -0.0184461
-693 -0.019005
-692 -0.019564
-691 -0.0206819
-690 -0.0245947
-689 -0.0262717
-688 -0.0279486
-687 -0.0290665
-686 -0.0290665
-685 -0.0307434
-684 -0.0296255
-683 -0.0296255
-682 -0.0307434
-681 -0.0318614
-680 -0.0318614
-679 -0.0318614
-678 -0.0340973
-677 -0.0346562
-676 -0.0357742
-675 -0.0374511
-674 -0.0380101
-673 -0.039687
-672 -0.0419229
-671 -0.0419229
-670 -0.0419229
-669 -0.0430408
-668 -0.0452767
-667 -0.0452767
-666 -0.0435998
-665 -0.0435998
-664 -0.0435998
-663 -0.0413639
-662 -0.0402459
-661 -0.039687
-660 -0.039687
-659 -0.039687
-658 -0.039687
-657 -0.0408049
-656 -0.0413639
-655 -0.038569
-654 -0.039687
-653 -0.039687
-652 -0.0435998
-651 -0.0435998
-650 -0.0441587
-649 -0.0452767
-648 -0.0452767
-647 -0.0458357
-646 -0.0452767
-645 -0.0452767
-644 -0.0452767
-643 -0.0447177
-642 -0.0435998
-641 -0.0447177
-640 -0.0447177
-639 -0.0447177
-638 -0.0458357
-637 -0.0458357
-636 -0.0458357
-635 -0.0447177
-634 -0.0413639
-633 -0.0419229
-632 -0.0419229
-631 -0.0419229
-630 -0.0419229
-629 -0.0419229
-628 -0.0430408
-627 -0.0452767
-626 -0.0441587
-625 -0.0452767
-624 -0.0447177
-623 -0.0447177
-622 -0.0435998
-621 -0.0435998
-620 -0.0435998
-619 -0.0447177
-618 -0.0480715
-617 -0.0463946
-616 -0.0458357
-615 -0.0480715
-614 -0.0480715
-613 -0.0480715
-612 -0.0469536
-611 -0.0469536
-610 -0.0458357
-609 -0.0463946
-608 -0.0469536
-607 -0.0469536
-606 -0.0458357
-605 -0.0458357
-604 -0.0469536
-603 -0.0469536
-602 -0.0458357
-601 -0.0458357
-600 -0.0458357
-599 -0.0458357
-598 -0.0458357
-597 -0.0458357
-596 -0.0447177
-595 -0.0441587
-594 -0.0402459
-593 -0.0380101
-592 -0.0380101
-591 -0.0368921
-590 -0.0363331
-589 -0.0368921
-588 -0.0357742
-587 -0.0335383
-586 -0.0335383
-585 -0.0335383
-584 -0.0335383
-583 -0.0335383
-582 -0.0335383
-581 -0.0335383
-580 -0.0285075
-579 -0.0229178
-578 -0.0217999
-577 -0.0223589
-576 -0.0240358
-575 -0.0245947
-574 -0.0245947
-573 -0.0234768
-572 -0.020123
-571 -0.019564
-570 -0.0173281
-569 -0.0139743
-568 -0.0106205
-567 -0.0100615
-566 -0.0078256
-565 -0.00614869
-564 -0.00614869
-563 -0.00670766
-562 -0.00447177
-561 -0.00503074
-560 -0.00558971
-559 -0.00670766
-558 -0.00670766
-557 -0.00558971
-556 -0.00447177
-555 -0.00167691
-554 -0.000558971
-553 0.00279486
-552 0.00726663
-551 0.00726663
-550 0.00279486
-549 0.0039128
-548 0.00447177
-547 0.00447177
-546 0.00447177
-545 0.00167691
-544 0.000558971
-543 0.000558971
-542 0.000558971
-541 0
-540 -0.00223589
-539 -0.00950252
-538 -0.00950252
-537 -0.00894354
-536 -0.00838457
-535 -0.00838457
-534 -0.00614869
-533 -0.00503074
-532 -0.00279486
-531 -0.00503074
-530 -0.0039128
-529 -0.00894354
-528 -0.0100615
-527 -0.00894354
-526 -0.0106205
-525 -0.0106205
-524 -0.0128563
-523 -0.0128563
-522 -0.0128563
-521 -0.0122974
-520 -0.0122974
-519 -0.0122974
-518 -0.0150922
-517 -0.0184461
-516 -0.0206819
-515 -0.0217999
-514 -0.0217999
-513 -0.0184461
-512 -0.0184461
-511 -0.019564
-510 -0.0206819
-509 -0.0206819
-508 -0.0184461
-507 -0.0206819
-506 -0.0217999
-505 -0.0251537
-504 -0.0301845
-503 -0.0313024
-502 -0.0329793
-501 -0.0329793
-500 -0.0329793
-499 -0.0324203
-498 -0.0307434
-497 -0.0296255
-496 -0.0313024
-495 -0.0301845
-494 -0.0301845
-493 -0.0335383
-492 -0.0402459
-491 -0.0424818
-490 -0.0447177
-489 -0.0413639
-488 -0.0402459
-487 -0.0424818
-486 -0.0424818
-485 -0.0430408
-484 -0.0430408
-483 -0.0441587
-482 -0.0441587
-481 -0.0441587
-480 -0.0452767
-479 -0.0458357
-478 -0.0458357
-477 -0.0458357
-476 -0.0469536
-475 -0.0469536
-474 -0.0469536
-473 -0.0469536
-472 -0.0469536
-471 -0.0469536
-470 -0.0469536
-469 -0.0469536
-468 -0.0463946
-467 -0.0503074
-466 -0.0519843
-465 -0.0531023
-464 -0.0531023
-463 -0.0531023
-462 -0.0531023
-461 -0.0508664
-460 -0.0508664
-459 -0.0508664
-458 -0.0508664
-457 -0.0497485
-456 -0.0463946
-455 -0.0463946
-454 -0.0463946
-453 -0.0475126
-452 -0.0475126
-451 -0.0475126
-450 -0.0475126
-449 -0.0475126
-448 -0.0475126
-447 -0.0475126
-446 -0.0475126
-445 -0.0475126
-444 -0.0475126
-443 -0.0463946
-442 -0.0463946
-441 -0.0447177
-440 -0.0435998
-439 -0.0430408
-438 -0.0424818
-437 -0.0424818
-436 -0.0424818
-435 -0.0424818
-434 -0.0424818
-433 -0.0424818
-432 -0.0424818
-431 -0.0424818
-430 -0.039128
-429 -0.039128
-428 -0.0380101
-427 -0.039128
-426 -0.039128
-425 -0.0335383
-424 -0.0329793
-423 -0.0329793
-422 -0.0329793
-421 -0.0318614
-420 -0.0307434
-419 -0.0279486
-418 -0.0279486
-417 -0.0279486
-416 -0.0268306
-415 -0.0290665
-414 -0.0313024
-413 -0.0301845
-412 -0.0301845
-411 -0.0290665
-410 -0.0290665
-409 -0.0262717
-408 -0.0257127
-407 -0.0262717
-406 -0.0229178
-405 -0.0234768
-404 -0.0223589
-403 -0.0223589
-402 -0.0223589
-401 -0.0223589
-400 -0.0223589
-399 -0.0223589
-398 -0.0156512
-397 -0.00950252
-396 -0.00614869
-395 -0.0078256
-394 -0.0078256
-393 -0.0078256
-392 -0.0078256
-391 -0.00726663
-390 -0.00670766
-389 -0.00894354
-388 -0.00894354
-387 -0.00838457
-386 -0.00614869
-385 -0.00447177
-384 -0.00111794
-383 -0.000558971
-382 0.00279486
-381 0.000558971
-380 -0.000558971
-379 -0.00111794
-378 -0.00111794
-377 -0.00223589
-376 -0.000558971
-375 -0.000558971
-374 -0.0039128
-373 -0.00223589
-372 0.00111794
-371 -0.00111794
-370 0.00335383
-369 0.00335383
-368 0.00335383
-367 0.00447177
-366 0.00447177
-365 0.00447177
-364 0.00558971
-363 0.00614869
-362 0.00614869
-361 0.00614869
-360 0.00670766
-359 0.00614869
-358 0.0039128
-357 0.0039128
-356 0.00614869
-355 0.00447177
-354 0.00223589
-353 0.00223589
-352 0.00223589
-351 0.00223589
-350 0.00223589
-349 0.00447177
-348 0.00447177
-347 0.00838457
-346 0.0111794
-345 0.0134153
-344 0.0134153
-343 0.0122974
-342 0.0122974
-341 0.0122974
-340 0.0122974
-339 0.0117384
-338 0.0106205
-337 0.0106205
-336 0.0106205
-335 0.0128563
-334 0.0128563
-333 0.0134153
-332 0.0122974
-331 0.0122974
-330 0.0122974
-329 0.0122974
-328 0.0122974
-327 0.00670766
-326 0.00614869
-325 0.00503074
-324 0.00503074
-323 0.00503074
-322 0.00447177
-321 0.00111794
-320 0.00111794
-319 -0.000558971
-318 -0.000558971
-317 -0.0039128
-316 -0.00558971
-315 -0.00558971
-314 -0.0078256
-313 -0.00838457
-312 -0.00950252
-311 -0.00950252
-310 -0.0100615
-309 -0.0134153
-308 -0.0134153
-307 -0.0122974
-306 -0.0156512
-305 -0.0156512
-304 -0.0184461
-303 -0.020123
-302 -0.0206819
-301 -0.0206819
-300 -0.0212409
-299 -0.0212409
-298 -0.0217999
-297 -0.0229178
-296 -0.0268306
-295 -0.0262717
-294 -0.0273896
-293 -0.0251537
-292 -0.0290665
-291 -0.0290665
-290 -0.0290665
-289 -0.0290665
-288 -0.0301845
-287 -0.0301845
-286 -0.0301845
-285 -0.0357742
-284 -0.0357742
-283 -0.0357742
-282 -0.0357742
-281 -0.0368921
-280 -0.0368921
-279 -0.0374511
-278 -0.0419229
-277 -0.0469536
-276 -0.0463946
-275 -0.0452767
-274 -0.0458357
-273 -0.0463946
-272 -0.0469536
-271 -0.0469536
-270 -0.0486305
-269 -0.0475126
-268 -0.0475126
-267 -0.0469536
-266 -0.0486305
-265 -0.0536613
-264 -0.0536613
-263 -0.0536613
-262 -0.0558971
-261 -0.0547792
-260 -0.0536613
-259 -0.0542202
-258 -0.0570151
-257 -0.0553382
-256 -0.0564561
-255 -0.0564561
-254 -0.0547792
-253 -0.0547792
-252 -0.0547792
-251 -0.0531023
-250 -0.0531023
-249 -0.0536613
-248 -0.0536613
-247 -0.0536613
-246 -0.0547792
-245 -0.0542202
-244 -0.0542202
-243 -0.0553382
-242 -0.058692
-241 -0.059251
-240 -0.059251
-239 -0.058692
-238 -0.0575741
-237 -0.0575741
-236 -0.0598099
-235 -0.058133
-234 -0.058133
-233 -0.058133
-232 -0.058133
-231 -0.058133
-230 -0.059251
-229 -0.059251
-228 -0.059251
-227 -0.058133
-226 -0.0603689
-225 -0.0614869
-224 -0.0614869
-223 -0.0609279
-222 -0.0609279
-221 -0.0620458
-220 -0.0620458
-219 -0.0609279
-218 -0.0603689
-217 -0.0603689
-216 -0.0603689
-215 -0.0603689
-214 -0.0603689
-213 -0.0603689
-212 -0.0598099
-211 -0.0609279
-210 -0.0609279
-209 -0.0620458
-208 -0.0620458
-207 -0.059251
-206 -0.058133
-205 -0.0598099
-204 -0.0598099
-203 -0.0598099
-202 -0.059251
-201 -0.0553382
-200 -0.0553382
-199 -0.0542202
-198 -0.0575741
-197 -0.0542202
-196 -0.0508664
-195 -0.0508664
-194 -0.0497485
-193 -0.0486305
-192 -0.0452767
-191 -0.0486305
-190 -0.0452767
-189 -0.0435998
-188 -0.0452767
-187 -0.0430408
-186 -0.0413639
-185 -0.0413639
-184 -0.0374511
-183 -0.0340973
-182 -0.0329793
-181 -0.0329793
-180 -0.0318614
-179 -0.0307434
-178 -0.0296255
-177 -0.0273896
-176 -0.019564
-175 -0.0184461
-174 -0.0156512
-173 -0.0156512
-172 -0.0134153
-171 -0.0145333
-170 -0.0145333
-169 -0.0145333
-168 -0.0122974
-167 -0.0117384
-166 -0.0117384
-165 -0.00838457
-164 -0.00838457
-163 -0.00838457
-162 -0.00838457
-161 -0.0078256
-160 -0.00894354
-159 -0.0100615
-158 -0.00614869
-157 -0.000558971
-156 -0.000558971
-155 -0.00111794
-154 0
-153 -0.00111794
-152 0
-151 -0.000558971
-150 0.00111794
-149 0.00111794
-148 0.00111794
-147 -0.00111794
-146 0.000558971
-145 0.0111794
-144 0.0111794
-143 0.0106205
-142 0.00950252
-141 0.00558971
-140 0.00558971
-139 0.00558971
-138 0.0111794
-137 0.0122974
-136 0.0134153
-135 0.0134153
-134 0.0134153
-133 0.0106205
-132 0.0106205
-131 0.00838457
-130 0.00614869
-129 0.00614869
-128 0.0039128
-127 0.00167691
-126 0
-125 -0.00447177
-124 -0.00558971
-123 -0.00503074
-122 -0.00335383
-121 -0.00223589
-120 -0.0078256
-119 -0.0078256
-118 -0.0100615
-117 -0.0122974
-116 -0.0167691
-115 -0.020123
-114 -0.0223589
-113 -0.0257127
-112 -0.0268306
-111 -0.0268306
-110 -0.0273896
-109 -0.0273896
-108 -0.0273896
-107 -0.0307434
-106 -0.0318614
-105 -0.0324203
-104 -0.0335383
-103 -0.0346562
-102 -0.0363331
-101 -0.0346562
-100 -0.0346562
-99 -0.0346562
-98 -0.0368921
-97 -0.0368921
-96 -0.0374511
-95 -0.0380101
-94 -0.0402459
-93 -0.0447177
-92 -0.0508664
-91 -0.0531023
-90 -0.0575741
-89 -0.0637228
-88 -0.0637228
-87 -0.0637228
-86 -0.0637228
-85 -0.0631638
-84 -0.0653997
-83 -0.0653997
-82 -0.0648407
-81 -0.0670766
-80 -0.0693125
-79 -0.0681945
-78 -0.0665176
-77 -0.0665176
-76 -0.0732253
-75 -0.0732253
-74 -0.0732253
-73 -0.0743432
-72 -0.0743432
-71 -0.0726663
-70 -0.0732253
-69 -0.0749022
-68 -0.0737842
-67 -0.0749022
-66 -0.0749022
-65 -0.0749022
-64 -0.0749022
-63 -0.0765791
-62 -0.0765791
-61 -0.0765791
-60 -0.0765791
-59 -0.0771381
-58 -0.078815
-57 -0.0799329
-56 -0.0799329
-55 -0.0799329
-54 -0.0799329
-53 -0.0799329
-52 -0.0799329
-51 -0.0799329
-50 -0.0804919
-49 -0.0804919
-48 -0.0816098
-47 -0.0816098
-46 -0.0821688
-45 -0.0821688
-44 -0.0821688
-43 -0.0821688
-42 -0.0821688
-41 -0.0821688
-40 -0.0799329
-39 -0.078815
-38 -0.079374
-37 -0.079374
-36 -0.079374
-35 -0.078256
-34 -0.078815
-33 -0.077697
-32 -0.077697
-31 -0.0765791
-30 -0.078815
-29 -0.078815
-28 -0.078815
-27 -0.077697
-26 -0.077697
-25 -0.0765791
-24 -0.0765791
-23 -0.0754612
-22 -0.0715484
-21 -0.0687535
-20 -0.0676356
-19 -0.0665176
-18 -0.0665176
-17 -0.0665176
-16 -0.0665176
-15 -0.0665176
-14 -0.0665176
-13 -0.0626048
-12 -0.0626048
-11 -0.058133
-10 -0.0570151
-9 -0.0564561
-8 -0.0553382
-7 -0.0542202
-6 -0.0514254
-5 -0.0491895
-4 -0.0486305
-3 -0.0497485
-2 -0.0497485
-1 -0.0497485
0 -0.0419229
1 -0.0419229
2 -0.0408049
3 -0.039687
4 -0.0368921
5 -0.0318614
6 -0.0268306
7 -0.020123
8 -0.019564
9 -0.019564
10 -0.019005
11 -0.0234768
12 -0.0234768
13 -0.0167691
14 -0.0145333
15 -0.0139743
16 -0.0156512
17 -0.0150922
18 -0.0134153
19 -0.0134153
20 -0.0134153
21 -0.0134153
22 -0.0122974
23 -0.0122974
24 -0.0111794
25 -0.0111794
26 -0.0100615
27 -0.00167691
28 0.00558971
29 0.00950252
30 0.0117384
31 0.0139743
32 0.0139743
33 0.0139743
34 0.0139743
35 0.0150922
36 0.0162102
37 0.0139743
38 0.0139743
39 0.0150922
40 0.0162102
41 0.0162102
42 0.0162102
43 0.0150922
44 0.0212409
45 0.0212409
46 0.0212409
47 0.0234768
48 0.0234768
49 0.019564
50 0.020123
51 0.0234768
52 0.0245947
53 0.0217999
54 0.0217999
55 0.0184461
56 0.0173281
57 0.019564
58 0.0184461
59 0.0184461
60 0.0184461
61 0.0184461
62 0.020123
63 0.0223589
64 0.0223589
65 0.0223589
66 0.0212409
67 0.0178871
68 0.0178871
69 0.019005
70 0.019005
71 0.0178871
72 0.0128563
73 0.00950252
74 0.0078256
75 0.00558971
76 0.00558971
77 0.0039128
78 0.0039128
79 0.00167691
80 -0.0039128
81 -0.0139743
82 -0.0139743
83 -0.0139743
84 -0.0139743
85 -0.0150922
86 -0.0162102
87 -0.0162102
88 -0.0162102
89 -0.0162102
90 -0.0139743
91 -0.0145333
92 -0.0156512
93 -0.0156512
94 -0.0167691
95 -0.0178871
96 -0.0217999
97 -0.0217999
98 -0.0229178
99 -0.0229178
100 -0.0229178
101 -0.0229178
102 -0.0245947
103 -0.0262717
104 -0.0279486
105 -0.0301845
106 -0.0301845
107 -0.0329793
108 -0.0357742
109 -0.038569
110 -0.0408049
111 -0.0408049
112 -0.0408049
113 -0.0408049
114 -0.0452767
115 -0.0452767
116 -0.0469536
117 -0.0458357
118 -0.0463946
119 -0.0463946
120 -0.0463946
121 -0.0475126
122 -0.0475126
123 -0.0519843
124 -0.0531023
125 -0.0558971
126 -0.0547792
127 -0.0547792
128 -0.0547792
129 -0.0547792
130 -0.0547792
131 -0.0525433
132 -0.0525433
133 -0.0525433
134 -0.0525433
135 -0.0525433
136 -0.0514254
137 -0.0514254
138 -0.0514254
139 -0.0508664
140 -0.0519843
141 -0.0519843
142 -0.0519843
143 -0.0531023
144 -0.0531023
145 -0.0525433
146 -0.0525433
147 -0.0514254
148 -0.0514254
149 -0.0514254
150 -0.0519843
151 -0.0514254
152 -0.0514254
153 -0.0547792
154 -0.0547792
155 -0.0547792
156 -0.0547792
157 -0.0547792
158 -0.0542202
159 -0.0564561
160 -0.0564561
161 -0.0564561
162 -0.0564561
163 -0.0558971
164 -0.0547792
165 -0.0558971
166 -0.0570151
167 -0.0570151
168 -0.0570151
169 -0.0542202
170 -0.0531023
171 -0.0531023
172 -0.0542202
173 -0.0536613
174 -0.0547792
175 -0.0531023
176 -0.0508664
177 -0.0486305
178 -0.0508664
179 -0.0508664
180 -0.0508664
181 -0.0486305
182 -0.0486305
183 -0.0486305
184 -0.0486305
185 -0.0486305
186 -0.0491895
187 -0.0491895
188 -0.0491895
189 -0.0491895
190 -0.0486305
191 -0.0480715
192 -0.0452767
193 -0.0419229
194 -0.039687
195 -0.038569
196 -0.038569
197 -0.0352152
198 -0.0352152
199 -0.0313024
200 -0.0234768
201 -0.0184461
202 -0.0178871
203 -0.0178871
204 -0.0178871
205 -0.0173281
206 -0.0139743
207 -0.0139743
208 -0.0139743
209 -0.0139743
210 -0.0134153
211 -0.0150922
212 -0.0145333
213 -0.0156512
214 -0.0150922
215 -0.0156512
216 -0.0139743
217 -0.0139743
218 -0.0122974
219 -0.0122974
220 -0.0122974
221 -0.0122974
222 -0.0106205
223 -0.00838457
224 -0.00447177
225 -0.00335383
226 -0.00335383
227 -0.00111794
228 -0.00111794
229 0.00111794
230 0.00558971
231 0.00447177
232 0.00447177
233 0.00447177
234 0.00670766
235 0.00670766
236 0.0100615
237 0.0106205
238 0.00726663
239 0.00726663
240 0.00726663
241 0.00950252
242 0.00838457
243 0.0167691
244 0.0173281
245 0.0178871
246 0.0167691
247 0.0167691
248 0.0162102
249 0.0162102
250 0.0162102
251 0.0162102
252 0.0128563
253 0.0117384
254 0.00614869
255 0.00111794
256 0.000558971
257 0.000558971
258 0.000558971
259 0.000558971
260 0.000558971
261 0.000558971
262 0
263 0.000558971
264 -0.00447177
265 -0.00558971
266 -0.0111794
267 -0.0128563
268 -0.0240358
269 -0.0251537
270 -0.0245947
271 -0.0245947
272 -0.0245947
273 -0.0229178
274 -0.0229178
275 -0.0268306
276 -0.0296255
277 -0.0346562
278 -0.0346562
279 -0.0335383
280 -0.0346562
281 -0.0368921
282 -0.0380101
283 -0.039128
284 -0.039128
285 -0.039687
286 -0.038569
287 -0.038569
288 -0.0435998
289 -0.0458357
290 -0.0497485
291 -0.0553382
292 -0.0553382
293 -0.0553382
294 -0.0603689
295 -0.0631638
296 -0.0676356
297 -0.0693125
298 -0.0670766
299 -0.0670766
300 -0.0670766
301 -0.0670766
302 -0.0670766
303 -0.0676356
304 -0.0693125
305 -0.0715484
306 -0.0709894
307 -0.0676356
308 -0.0687535
309 -0.0732253
310 -0.0732253
311 -0.0732253
312 -0.0732253
313 -0.0737842
314 -0.0737842
315 -0.0743432
316 -0.0743432
317 -0.0743432
318 -0.0765791
319 -0.0754612
320 -0.0754612
321 -0.0754612
322 -0.0765791
323 -0.0765791
324 -0.0765791
325 -0.0765791
326 -0.0765791
327 -0.0765791
328 -0.0765791
329 -0.0765791
330 -0.0760201
331 -0.0715484
332 -0.0715484
333 -0.0693125
334 -0.0693125
335 -0.0687535
336 -0.0687535
337 -0.0687535
338 -0.0687535
339 -0.0693125
340 -0.0693125
341 -0.0693125
342 -0.0698714
343 -0.0693125
344 -0.0693125
345 -0.0693125
346 -0.0693125
347 -0.0676356
348 -0.0665176
349 -0.0665176
350 -0.0687535
351 -0.0681945
352 -0.0704304
353 -0.0704304
354 -0.0732253
355 -0.0743432
356 -0.0743432
357 -0.0743432
358 -0.0721073
359 -0.0732253
360 -0.0732253
361 -0.0732253
362 -0.0726663
363 -0.0715484
364 -0.0715484
365 -0.0681945
366 -0.0676356
367 -0.0676356
368 -0.0665176
369 -0.0665176
370 -0.0665176
371 -0.0676356
372 -0.0670766
373 -0.0665176
374 -0.0637228
375 -0.0603689
376 -0.059251
377 -0.059251
378 -0.059251
379 -0.059251
380 -0.0547792
381 -0.0547792
382 -0.0536613
383 -0.0536613
384 -0.0508664
385 -0.0508664
386 -0.0480715
387 -0.0463946
388 -0.039128
389 -0.038569
390 -0.038569
391 -0.0402459
392 -0.0402459
393 -0.0402459
394 -0.0402459
395 -0.0374511
396 -0.0352152
397 -0.0324203
398 -0.0324203
399 -0.0352152
400 -0.0346562
401 -0.0301845
402 -0.0279486
403 -0.0279486
404 -0.0279486
405 -0.0257127
406 -0.0262717
407 -0.0262717
408 -0.019564
409 -0.019564
410 -0.0167691
411 -0.0122974
412 -0.0117384
413 -0.0111794
414 0
415 0.00503074
416 0.00670766
417 0.0100615
418 0.00894354
419 0.00894354
420 0.00894354
421 0.00894354
422 0.00894354
423 0.00894354
424 0.0122974
425 0.0167691
426 0.0156512
427 0.0134153
428 0.0139743
429 0.0167691
430 0.0167691
431 0.0167691
432 0.0139743
433 0.0150922
434 0.0150922
435 0.0150922
436 0.0150922
437 0.0139743
438 0.0139743
439 0.0128563
440 0.0128563
441 0.0128563
442 0.0150922
443 0.0150922
444 0.0145333
445 0.0134153
446 0.0100615
447 0.00558971
448 -0.00223589
449 -0.0039128
450 -0.00670766
451 -0.0122974
452 -0.0122974
453 -0.0122974
454 -0.0122974
455 -0.0122974
456 -0.0145333
457 -0.0178871
458 -0.019005
459 -0.019005
460 -0.0234768
461 -0.0273896
462 -0.0285075
463 -0.0318614
464 -0.0318614
465 -0.0357742
466 -0.038569
467 -0.0430408
468 -0.0447177
469 -0.0469536
470 -0.0430408
471 -0.0430408
472 -0.0419229
473 -0.0419229
474 -0.0368921
475 -0.0363331
476 -0.038569
477 -0.0430408
478 -0.0447177
479 -0.0424818
480 -0.0435998
481 -0.0452767
482 -0.0452767
483 -0.0452767
484 -0.0452767
485 -0.0458357
486 -0.0463946
487 -0.0475126
488 -0.0480715
489 -0.0480715
490 -0.0480715
491 -0.0480715
492 -0.0475126
493 -0.0475126
494 -0.0475126
495 -0.0475126
496 -0.0486305
497 -0.0497485
498 -0.0503074
499 -0.0514254
500 -0.0525433
501 -0.0547792
502 -0.0570151
503 -0.058133
504 -0.059251
505 -0.058133
506 -0.058133
507 -0.058133
508 -0.0575741
509 -0.0575741
510 -0.0575741
511 -0.0542202
512 -0.0542202
513 -0.0542202
514 -0.0547792
515 -0.0570151
516 -0.0570151
517 -0.0570151
518 -0.058692
519 -0.0564561
520 -0.0564561
521 -0.0564561
522 -0.0575741
523 -0.0564561
524 -0.0570151
525 -0.0570151
526 -0.0564561
527 -0.0570151
528 -0.059251
529 -0.058692
530 -0.058692
531 -0.058692
532 -0.0575741
533 -0.0564561
534 -0.0564561
535 -0.0575741
536 -0.0570151
537 -0.0570151
538 -0.0564561
539 -0.0564561
540 -0.0575741
541 -0.0575741
542 -0.0575741
543 -0.058692
544 -0.058692
545 -0.0609279
546 -0.058692
547 -0.0575741
548 -0.0575741
549 -0.0575741
550 -0.059251
551 -0.059251
552 -0.0553382
553 -0.0553382
554 -0.058692
555 -0.058133
556 -0.058133
557 -0.0575741
558 -0.0603689
559 -0.058133
560 -0.058133
561 -0.058133
562 -0.058692
563 -0.058692
564 -0.0575741
565 -0.059251
566 -0.0570151
567 -0.0547792
568 -0.0519843
569 -0.0503074
570 -0.0497485
571 -0.0452767
572 -0.0452767
573 -0.0452767
574 -0.0452767
575 -0.0452767
576 -0.0441587
577 -0.0435998
578 -0.0408049
579 -0.038569
580 -0.0363331
581 -0.0318614
582 -0.0307434
583 -0.0290665
584 -0.0290665
585 -0.0223589
586 -0.0167691
587 -0.0145333
588 -0.0117384
589 -0.0106205
590 -0.00950252
591 -0.0117384
592 -0.0117384
593 -0.0117384
594 -0.0111794
595 -0.0111794
596 -0.00894354
597 -0.0078256
598 -0.0128563
599 -0.0128563
600 -0.0122974
601 -0.00894354
602 -0.00950252
603 -0.00950252
604 -0.0100615
605 -0.00894354
606 -0.0100615
607 -0.0117384
608 -0.0106205
609 -0.0106205
610 -0.0117384
611 -0.0111794
612 -0.0111794
613 -0.0111794
614 -0.0111794
615 -0.0111794
616 -0.0106205
617 -0.0100615
618 -0.00894354
619 -0.00670766
620 -0.00950252
621 -0.00838457
622 -0.0078256
623 -0.00614869
624 -0.0106205
625 -0.0106205
626 -0.0106205
627 -0.0106205
628 -0.00838457
629 -0.00838457
630 -0.00838457
631 -0.00950252
632 -0.0128563
633 -0.0184461
634 -0.020123
635 -0.019005
636 -0.019005
637 -0.019564
638 -0.0173281
639 -0.0245947
640 -0.0313024
641 -0.0313024
642 -0.0313024
643 -0.0318614
644 -0.0307434
645 -0.0307434
646 -0.0313024
647 -0.0301845
648 -0.0307434
649 -0.0346562
650 -0.0352152
651 -0.0352152
652 -0.039687
653 -0.0424818
654 -0.0424818
655 -0.0413639
656 -0.0419229
657 -0.0452767
658 -0.0480715
659 -0.0497485
660 -0.0497485
661 -0.0497485
662 -0.0497485
663 -0.0486305
664 -0.0486305
665 -0.0475126
666 -0.0514254
667 -0.0553382
668 -0.0553382
669 -0.0553382
670 -0.0536613
671 -0.0547792
672 -0.0547792
673 -0.0547792
674 -0.0547792
675 -0.0547792
676 -0.0547792
677 -0.0547792
678 -0.0531023
679 -0.0553382
680 -0.0553382
681 -0.0564561
682 -0.0564561
683 -0.0564561
684 -0.0564561
685 -0.0553382
686 -0.0575741
687 -0.0575741
688 -0.058133
689 -0.058692
690 -0.058133
691 -0.058133
692 -0.0614869
693 -0.0620458
694 -0.0620458
695 -0.0620458
696 -0.0609279
697 -0.0620458
698 -0.0653997
699 -0.0653997
700 -0.0653997
701 -0.0653997
702 -0.0653997
703 -0.0665176
704 -0.0665176
705 -0.0659586
706 -0.0670766
707 -0.0681945
708 -0.0670766
709 -0.0670766
710 -0.0670766
711 -0.0670766
712 -0.0670766
713 -0.0670766
714 -0.0681945
715 -0.0704304
716 -0.0676356
717 -0.0698714
718 -0.0687535
719 -0.0687535
720 -0.0687535
721 -0.0687535
722 -0.0687535
723 -0.0687535
724 -0.0676356
725 -0.0676356
726 -0.0665176
727 -0.0653997
728 -0.0653997
729 -0.0659586
730 -0.0653997
731 -0.0642817
732 -0.0642817
733 -0.0642817
734 -0.0648407
735 -0.0648407
736 -0.0648407
737 -0.0648407
738 -0.0681945
739 -0.0681945
740 -0.0665176
741 -0.0665176
742 -0.0653997
743 -0.0642817
744 -0.0609279
745 -0.0609279
746 -0.0609279
747 -0.0609279
748 -0.0620458
749 -0.0620458
750 -0.0631638
751 -0.0609279
752 -0.059251
753 -0.0547792
754 -0.0531023
755 -0.0531023
756 -0.0542202
757 -0.0531023
758 -0.0508664
759 -0.0447177
760 -0.0313024
761 -0.0313024
762 -0.0301845
763 -0.0290665
764 -0.0301845
765 -0.0313024
766 -0.0318614
767 -0.0318614
768 -0.0285075
769 -0.0240358
770 -0.0251537
771 -0.0251537
772 -0.0212409
773 -0.0206819
774 -0.0206819
775 -0.0206819
776 -0.0206819
777 -0.0139743
778 -0.0128563
779 -0.00950252
780 -0.00670766
781 -0.00670766
782 -0.00670766
783 -0.00614869
784 -0.00614869
785 -0.00614869
786 0.00167691
787 0.00950252
788 0.00950252
789 0.00838457
790 0
791 -0.00503074
792 -0.00503074
793 -0.00503074
794 -0.00167691
795 -0.00167691
796 -0.00167691
797 -0.00167691
798 -0.00167691
799 0.00111794
800 0
801 -0.00167691
802 -0.00167691
803 -0.0039128
804 -0.00614869
805 -0.00670766
806 -0.00558971
807 -0.00558971
808 -0.00558971
809 -0.00503074
810 -0.00503074
811 -0.00614869
812 -0.00670766
813 -0.00558971
814 -0.00558971
815 -0.00558971
816 -0.00558971
817 -0.00447177
818 -0.00279486
819 -0.00447177
820 -0.00670766
821 -0.0078256
822 -0.0078256
823 -0.00558971
824 -0.00558971
825 -0.00670766
826 -0.00614869
827 -0.00670766
828 -0.0134153
829 -0.0184461
830 -0.0262717
831 -0.0257127
832 -0.0290665
833 -0.0290665
834 -0.0245947
835 -0.0245947
836 -0.0245947
837 -0.0245947
838 -0.0240358
839 -0.0262717
840 -0.0273896
841 -0.0279486
842 -0.0318614
843 -0.039687
844 -0.039687
845 -0.0402459
846 -0.0413639
847 -0.0435998
848 -0.0435998
849 -0.0424818
850 -0.0435998
851 -0.0452767
852 -0.0458357
853 -0.0480715
854 -0.0469536
855 -0.0486305
856 -0.0508664
857 -0.0542202
858 -0.0525433
859 -0.0570151
860 -0.0570151
861 -0.0575741
862 -0.0575741
863 -0.058692
864 -0.0603689
865 -0.0631638
866 -0.0631638
867 -0.0631638
868 -0.0620458
869 -0.0653997
870 -0.0653997
871 -0.0665176
872 -0.0670766
873 -0.0670766
874 -0.0676356
875 -0.0676356
876 -0.0670766
877 -0.0670766
878 -0.0676356
879 -0.0676356
880 -0.0676356
881 -0.0676356
882 -0.0676356
883 -0.0687535
884 -0.0681945
885 -0.0687535
886 -0.0653997
887 -0.0653997
888 -0.0653997
889 -0.0653997
890 -0.0642817
891 -0.0642817
892 -0.0676356
893 -0.0653997
894 -0.0653997
895 -0.0653997
896 -0.0620458
897 -0.0620458
898 -0.0614869
899 -0.0614869
900 -0.0620458
901 -0.0631638
902 -0.0642817
903 -0.0642817
904 -0.0642817
905 -0.0642817
906 -0.0642817
907 -0.0642817
908 -0.0642817
909 -0.0637228
910 -0.0553382
911 -0.0508664
912 -0.0508664
913 -0.0514254
914 -0.0514254
915 -0.0519843
916 -0.0531023
917 -0.0531023
918 -0.0531023
919 -0.0531023
920 -0.0508664
921 -0.0463946
922 -0.0452767
923 -0.0424818
924 -0.0413639
925 -0.0402459
926 -0.0380101
927 -0.0380101
928 -0.0368921
929 -0.0357742
930 -0.0357742
931 -0.0352152
932 -0.0340973
933 -0.0352152
934 -0.0352152
935 -0.0352152
936 -0.0357742
937 -0.0346562
938 -0.0346562
939 -0.0329793
940 -0.0329793
941 -0.0307434
942 -0.0307434
943 -0.0307434
944 -0.0307434
945 -0.0301845
946 -0.0313024
947 -0.0307434
948 -0.0245947
949 -0.0212409
950 -0.0173281
951 -0.0206819
952 -0.019005
953 -0.0234768
954 -0.0234768
955 -0.0229178
956 -0.0229178
957 -0.0217999
958 -0.0206819
959 -0.019564
960 -0.019005
961 -0.0178871
962 -0.0122974
963 -0.0117384
964 -0.0117384
965 -0.0106205
966 -0.0100615
967 -0.0100615
968 -0.0100615
969 -0.0122974
970 -0.0117384
971 -0.0100615
972 -0.0122974
973 -0.00838457
974 -0.00838457
975 -0.00503074
976 -0.00614869
977 -0.0134153
978 -0.0134153
979 -0.0122974
980 -0.0122974
981 -0.0111794
982 -0.0134153
983 -0.0128563
984 -0.00950252
985 -0.00558971
986 -0.00670766
987 -0.00670766
988 -0.00614869
989 -0.00447177
990 -0.00558971
991 -0.00838457
992 -0.00726663
993 -0.0117384
994 -0.0122974
995 -0.0134153
996 -0.0156512
997 -0.0184461
998 -0.019564
999 -0.020123
