-500 -0.00069744
-499 -0.000155192
-498 0.00150328
-497 0.00260052
-496 0.000899048
-495 0.00198791
-494 0.00195441
-493 -0.0014396
-492 -0.00818796
-491 -0.010463
-490 -0.0127385
-489 -0.009421
-488 -0.00833874
-487 -0.0106154
-486 -0.0106595
-485 -0.011261
-484 -0.0113017
-483 -0.0124615
-482 -0.0125051
-481 -0.0125425
-480 -0.0137001
-479 -0.0142976
-478 -0.0143384
-477 -0.0143786
-476 -0.015539
-475 -0.0155808
-474 -0.0156222
-473 -0.0156713
-472 -0.0157271
-471 -0.0157835
-470 -0.0158422
-469 -0.0159008
-468 -0.0153971
-467 -0.0193641
-466 -0.0210934
-465 -0.0222628
-464 -0.0223153
-463 -0.0223645
-462 -0.0224136
-461 -0.0202279
-460 -0.0202793
-459 -0.0203301
-458 -0.020381
-457 -0.0193111
-456 -0.0160125
-455 -0.0160677
-454 -0.016123
-453 -0.0172985
-452 -0.0173561
-451 -0.0174102
-450 -0.017465
-449 -0.0175219
-448 -0.0175722
-447 -0.0176196
-446 -0.0176637
-445 -0.0177034
-444 -0.0177436
-443 -0.016668
-442 -0.0167088
-441 -0.0150738
-440 -0.0139966
-439 -0.0134784
-438 -0.0129596
-437 -0.0130004
-436 -0.0130411
-435 -0.0130808
-434 -0.013116
-433 -0.0131439
-432 -0.0131718
-431 -0.0132009
-430 -0.00987553
-429 -0.00990066
-428 -0.0088023
-427 -0.00993696
-426 -0.00995371
-425 -0.00437853
-424 -0.00383405
-423 -0.00384689
-422 -0.00386085
-421 -0.00275468
-420 -0.00164505
-419 0.00115589
-418 0.0011598
-417 0.00116259
-416 0.00228338
-415 4.69238e-05
-414 -0.00219009
-413 -0.00107331
-412 -0.00107331
-411 4.46902e-05
-410 4.35734e-05
-409 0.00283782
-408 0.00340017
-407 0.00284452
-406 0.00620288
-405 0.00564947
-404 0.00678356
-403 0.00679976
-402 0.00681651
-401 0.00683438
-400 0.00685225
-399 0.006869
-398 0.0135962
-397 0.0197617
-396 0.0231306
-395 0.0214704
-394 0.0214844
-393 0.0215
-392 0.0215184
-391 0.0220958
-390 0.0226766
-389 0.0204614
-388 0.0204826
-387 0.0210661
-386 0.0233288
-385 0.0250314
-384 0.0284126
-383 0.0289978
-382 0.0323762
-381 0.0301655
-380 0.0290732
-379 0.0285411
-378 0.028569
-377 0.0274823
-376 0.0291883
-375 0.0292123
-374 0.0258757
-373 0.02757
-372 0.0309405
-371 0.0287203
-370 0.0332066
-369 0.03322
-368 0.0332334
-367 0.0343659
-366 0.0343809
-365 0.034396
-364 0.0355279
-363 0.0361025
-362 0.0361165
-361 0.0361249
-360 0.0366928
-359 0.0361427
-358 0.033918
-357 0.0339303
-356 0.0361768
-355 0.0345099
-354 0.0322841
-353 0.0322919
-352 0.0322986
-351 0.0323053
-350 0.0323081
-349 0.0345462
-348 0.0345485
-347 0.0384702
-346 0.041274
-345 0.0435188
-344 0.0435277
-343 0.0424176
-342 0.0424227
-341 0.0424299
-340 0.0424372
-339 0.0418854
-338 0.0407748
-337 0.0407815
-336 0.0407882
-335 0.0430318
-334 0.0430408
-333 0.0436081
-332 0.0424964
-331 0.0424986
-330 0.0424997
-329 0.0425008
-328 0.0425031
-327 0.0369156
-326 0.0363605
-325 0.0352448
-324 0.0352437
-323 0.0352398
-322 0.0346791
-321 0.0313236
-320 0.0313219
-319 0.0296411
-318 0.0296372
-317 0.0262795
-316 0.0246009
-315 0.0245992
-314 0.0223633
-313 0.0218044
-312 0.0206864
-311 0.020687
-310 0.020128
-309 0.0167725
-308 0.016768
-307 0.0178787
-306 0.0145199
-305 0.0145115
-304 0.0117082
-303 0.010019
-302 0.00944839
-301 0.00943276
-300 0.00885142
-299 0.00882406
-298 0.00824161
-297 0.00710249
-296 0.00316847
-295 0.00370726
-294 0.00256312
-293 0.00477277
-292 0.000833728
-291 0.000806924
-290 0.000779562
-289 0.000753875
-288 -0.000389812
-287 -0.000414382
-286 -0.000439511
-285 -0.00605546
-284 -0.00608338
-283 -0.0061113
-282 -0.00614089
-281 -0.00728839
-280 -0.0073191
-279 -0.00790658
-278 -0.0124091
-277 -0.0174688
-276 -0.0169411
-275 -0.0158534
-274 -0.0164459
-273 -0.0170399
-272 -0.0176347
-271 -0.0176704
-270 -0.0193875
-269 -0.0183065
-268 -0.0183422
-267 -0.017819
-266 -0.0195322
-265 -0.0245998
-264 -0.02464
-263 -0.0246808
-262 -0.026954
-261 -0.0258757
-260 -0.0247975
-259 -0.0253972
-258 -0.0282295
-257 -0.0265967
-256 -0.0277553
-255 -0.0277928
-254 -0.0261516
-253 -0.026189
-252 -0.0262253
-251 -0.0245841
-250 -0.0246193
-249 -0.0252135
-248 -0.0252453
-247 -0.025276
-246 -0.0264191
-245 -0.0258807
-244 -0.0259008
-243 -0.0270389
-242 -0.0304095
-241 -0.0309825
-240 -0.0309947
-239 -0.030448
-238 -0.0293419
-237 -0.0293541
-236 -0.0315938
-235 -0.0299209
-234 -0.0299192
-233 -0.0299136
-232 -0.0298946
-231 -0.0298767
-230 -0.0309752
-229 -0.0309562
-228 -0.0309378
-227 -0.029803
-226 -0.0320222
-225 -0.0331201
-224 -0.0330972
-223 -0.032508
-222 -0.0324734
-221 -0.0335584
-220 -0.0335243
-219 -0.0323701
-218 -0.0317737
-217 -0.0317352
-216 -0.0316966
-215 -0.0316581
-214 -0.0316218
-213 -0.0315872
-212 -0.0309913
-211 -0.0320691
-210 -0.0320272
-209 -0.0330988
-208 -0.0330524
-207 -0.0302124
-206 -0.0290441
-205 -0.030668
-204 -0.030606
-203 -0.0305418
-202 -0.0299209
-201 -0.0259456
-200 -0.0258853
-199 -0.0247137
-198 -0.0280184
-197 -0.0246154
-196 -0.0212108
-195 -0.0211577
-194 -0.0199873
-193 -0.0188202
-192 -0.0154167
-191 -0.0187169
-190 -0.0153106
-189 -0.0135851
-188 -0.0152151
-187 -0.0129334
-186 -0.0112118
-185 -0.0111666
-184 -0.00721024
-183 -0.00381177
-182 -0.00264686
-181 -0.00260219
-180 -0.00144073
-179 -0.000279174
-178 0.000883399
-177 0.00316174
-176 0.0110292
-175 0.0121879
-174 0.0150219
-173 0.0150604
-172 0.0173332
-171 0.0162498
-170 0.0162838
-169 0.0163134
-168 0.0185778
-167 0.0191608
-166 0.0191848
-165 0.0225638
-164 0.0225889
-163 0.0226141
-162 0.0226414
-161 0.0232294
-160 0.0221411
-159 0.0210527
-158 0.0249957
-157 0.030615
-156 0.0306435
-155 0.0301124
-154 0.0312611
-153 0.0301711
-152 0.0313158
-151 0.0307797
-150 0.0324818
-149 0.0325058
-148 0.0325309
-147 0.0303202
-146 0.0320244
-145 0.0426739
-144 0.0427029
-143 0.0421731
-142 0.0410825
-141 0.0371992
-140 0.0372277
-139 0.0372562
-138 0.0428738
-137 0.0440175
-136 0.0451611
-135 0.0451834
-134 0.0452063
-133 0.0424378
-132 0.0424623
-131 0.040251
-130 0.0380397
-129 0.0380653
-128 0.0358546
-127 0.0336422
-126 0.0319837
-125 0.0275281
-124 0.0264241
-123 0.0269976
-122 0.028689
-121 0.0298226
-120 0.0242441
-119 0.0242552
-118 0.0220283
-117 0.019798
-116 0.0153307
-115 0.0119818
-114 0.00974594
-113 0.00639047
-112 0.00526363
-111 0.00525526
-110 0.00468788
-109 0.0046823
-108 0.00467615
-107 0.00131565
-106 0.000190953
-105 -0.000376324
-104 -0.00150493
-103 -0.00263735
-102 -0.00432877
-101 -0.00266248
-100 -0.00267365
-99 -0.00268928
-98 -0.00494305
-97 -0.00496092
-96 -0.00553779
-95 -0.00611578
-94 -0.00836945
-93 -0.0128552
-92 -0.0190223
-91 -0.0212767
-90 -0.0257686
-89 -0.0319413
-88 -0.0319664
-87 -0.031991
-86 -0.0320245
-85 -0.031504
-84 -0.0337801
-83 -0.0338237
-82 -0.0333071
-81 -0.0355855
-80 -0.0378638
-79 -0.0367832
-78 -0.0351381
-77 -0.0351688
-76 -0.0419112
-75 -0.0419519
-74 -0.0419921
-73 -0.043148
-72 -0.0431854
-71 -0.0415454
-70 -0.0421407
-69 -0.0438516
-68 -0.0427616
-67 -0.0439052
-66 -0.0439304
-65 -0.0439533
-64 -0.0439745
-63 -0.0456715
-62 -0.0456922
-61 -0.0457095
-60 -0.0457273
-59 -0.0463048
-58 -0.0480034
-57 -0.0491431
-56 -0.0491632
-55 -0.0491811
-54 -0.0491928
-53 -0.049199
-52 -0.0491939
-51 -0.0491828
-50 -0.0497278
-49 -0.0497127
-48 -0.0508144
-47 -0.0507977
-46 -0.0513399
-45 -0.0513232
-44 -0.051307
-43 -0.0512886
-42 -0.051269
-41 -0.0512495
-40 -0.0489901
-39 -0.0478471
-38 -0.0483871
-37 -0.0483648
-36 -0.0483419
-35 -0.0471965
-34 -0.0477254
-33 -0.0465705
-32 -0.0465308
-31 -0.0453688
-30 -0.0475668
-29 -0.0475277
-28 -0.0474947
-27 -0.0463449
-26 -0.046317
-25 -0.0451734
-24 -0.0451455
-23 -0.0439974
-22 -0.0400528
-21 -0.0372283
-20 -0.0360791
-19 -0.0349282
-18 -0.0348952
-17 -0.0348651
-16 -0.0348383
-15 -0.0348131
-14 -0.0347886
-13 -0.0308501
-12 -0.0308205
-11 -0.0263191
-10 -0.0251727
-9 -0.0245863
-8 -0.0234416
-7 -0.0222946
-6 -0.019473
-5 -0.0172114
-4 -0.016629
-3 -0.0177274
-2 -0.0177084
-1 -0.01769
0 -0.00984486
1 -0.00982308
2 -0.00868051
3 -0.00753525
4 -0.00471075
5 0.00034675
6 0.00540547
7 0.012141
8 0.012724
9 0.0127413
10 0.0133154
11 0.00885308
12 0.00886593
13 0.0155876
14 0.0178357
15 0.0184092
16 0.0167463
17 0.0173192
18 0.0190106
19 0.0190229
20 0.0190352
21 0.0190464
22 0.020176
23 0.0201866
24 0.0213158
25 0.0213258
26 0.0224532
27 0.0308479
28 0.0381268
29 0.0420513
30 0.0442989
31 0.0465465
32 0.0465571
33 0.0465672
34 0.0465733
35 0.0476968
36 0.0488187
37 0.0465867
38 0.0465901
39 0.0477113
40 0.048836
41 0.0488427
42 0.0488494
43 0.0477393
44 0.0538969
45 0.0539114
46 0.0539237
47 0.0561708
48 0.0561808
49 0.0522781
50 0.0528488
51 0.0562143
52 0.05734
53 0.0545531
54 0.0545642
55 0.051221
56 0.0501136
57 0.0523596
58 0.0512557
59 0.0512674
60 0.0512808
61 0.0512953
62 0.0529878
63 0.0552399
64 0.055255
65 0.0552718
66 0.0541683
67 0.0508268
68 0.0508363
69 0.051962
70 0.0519692
71 0.0508575
72 0.0458328
73 0.0424863
74 0.0408155
75 0.0385858
76 0.0385964
77 0.0369301
78 0.0369379
79 0.0347076
80 0.0291224
81 0.019062
82 0.0190648
83 0.0190659
84 0.019067
85 0.0179446
86 0.0168144
87 0.0167976
88 0.0167792
89 0.0167596
90 0.018976
91 0.0183997
92 0.0172673
93 0.0172533
94 0.0161203
95 0.0149906
96 0.0110633
97 0.0110488
98 0.00992136
99 0.00991186
100 0.00990181
101 0.00988841
102 0.00819867
103 0.00651552
104 0.00483918
105 0.00260607
106 0.00260831
107 -0.000182583
108 -0.00297469
109 -0.0057667
110 -0.00799813
111 -0.00799366
112 -0.00799143
113 -0.0079892
114 -0.0124582
115 -0.0124532
116 -0.0141239
117 -0.0129971
118 -0.0135476
119 -0.0135381
120 -0.0135281
121 -0.0146383
122 -0.0146316
123 -0.0190982
124 -0.0202079
125 -0.0229926
126 -0.0218647
127 -0.021858
128 -0.0218518
129 -0.0218423
130 -0.0218351
131 -0.0195863
132 -0.0195701
133 -0.0195483
134 -0.0195238
135 -0.0195003
136 -0.018359
137 -0.0183338
138 -0.0183104
139 -0.0177207
140 -0.0188012
141 -0.0187632
142 -0.0187258
143 -0.019808
144 -0.0197734
145 -0.0191776
146 -0.0191418
147 -0.0179915
148 -0.0179586
149 -0.0179217
150 -0.0184432
151 -0.0178469
152 -0.0178028
153 -0.0211097
154 -0.0210589
155 -0.0210064
156 -0.0209511
157 -0.0208925
158 -0.0202732
159 -0.0224471
160 -0.0223851
161 -0.0223231
162 -0.0222617
163 -0.0216435
164 -0.0204664
165 -0.0215262
166 -0.02258
167 -0.0225119
168 -0.0224432
169 -0.0195807
170 -0.0183969
171 -0.0183299
172 -0.0193808
173 -0.0187549
174 -0.0198114
175 -0.0180736
176 -0.015778
177 -0.0134823
178 -0.0156601
179 -0.0156004
180 -0.015544
181 -0.0132506
182 -0.0131947
183 -0.0131389
184 -0.0130864
185 -0.0130367
186 -0.0135438
187 -0.0134941
188 -0.0134444
189 -0.0133952
190 -0.0127876
191 -0.0121806
192 -0.00933779
193 -0.00593541
194 -0.00364981
195 -0.00248546
196 -0.00244023
197 0.000957125
198 0.00100236
199 0.00495983
200 0.0128301
201 0.0179049
202 0.018508
203 0.0185527
204 0.0185963
205 0.0191943
206 0.0225889
207 0.0226297
208 0.0226716
209 0.0227095
210 0.0233065
211 0.0216676
212 0.0222644
213 0.0211834
214 0.0217804
215 0.0212616
216 0.0229703
217 0.0230044
218 0.0247142
219 0.0247472
220 0.024779
221 0.0248108
222 0.026519
223 0.0287817
224 0.0327152
225 0.0338544
226 0.0338756
227 0.036131
228 0.03615
229 0.0384049
230 0.0428951
231 0.0417928
232 0.0418095
233 0.0418263
234 0.04408
235 0.0440962
236 0.0474612
237 0.0480314
238 0.044692
239 0.0447043
240 0.044716
241 0.0469648
242 0.045858
243 0.0542498
244 0.0548144
245 0.0553778
246 0.0542643
247 0.0542704
248 0.0537188
249 0.0537261
250 0.0537361
251 0.0537439
252 0.0503956
253 0.0492788
254 0.0436886
255 0.0386561
256 0.0380972
257 0.0380961
258 0.0380916
259 0.0380776
260 0.0380497
261 0.0380218
262 0.0374343
263 0.0379648
264 0.0329067
265 0.0317603
266 0.0261444
267 0.0244412
268 0.0132321
269 0.0120802
270 0.0126062
271 0.0125722
272 0.0125342
273 0.0141726
274 0.0141351
275 0.0101827
276 0.00734703
277 0.00226887
278 0.00222084
279 0.00328737
280 0.00211419
281 -0.000176998
282 -0.00134916
283 -0.00252123
284 -0.0025754
285 -0.00318856
286 -0.00213255
287 -0.00220235
288 -0.00730295
289 -0.00960698
290 -0.0135806
291 -0.0192262
292 -0.0192831
293 -0.0193401
294 -0.0244283
295 -0.0272796
296 -0.0318095
297 -0.0335445
298 -0.0313666
299 -0.0314269
300 -0.0314822
301 -0.0315358
302 -0.0315883
303 -0.0322009
304 -0.0339259
305 -0.0362059
306 -0.0356921
307 -0.0323824
308 -0.0335433
309 -0.0380553
310 -0.0380989
311 -0.038138
312 -0.0381748
313 -0.0387734
314 -0.0388108
315 -0.0394055
316 -0.0394413
317 -0.0394742
318 -0.0417414
319 -0.040652
320 -0.0406782
321 -0.0407022
322 -0.041843
323 -0.041867
324 -0.0418888
325 -0.0419016
326 -0.0419139
327 -0.0419229
328 -0.0419251
329 -0.0419201
330 -0.0413493
331 -0.0368665
332 -0.036852
333 -0.0345993
334 -0.0345865
335 -0.0340146
336 -0.0339984
337 -0.0339822
338 -0.0339666
339 -0.0345077
340 -0.0344882
341 -0.0344692
342 -0.0350063
343 -0.0344139
344 -0.0343748
345 -0.0343352
346 -0.034295
347 -0.0325745
348 -0.0314141
349 -0.0313716
350 -0.0335645
351 -0.0329592
352 -0.0351482
353 -0.035099
354 -0.0378482
355 -0.0389169
356 -0.0388549
357 -0.0387896
358 -0.0364906
359 -0.0375421
360 -0.0374796
361 -0.0374165
362 -0.0367944
363 -0.0356067
364 -0.0355341
365 -0.0321037
366 -0.0314683
367 -0.0313918
368 -0.0302012
369 -0.0301253
370 -0.0300515
371 -0.031097
372 -0.0304648
373 -0.0298349
374 -0.0269708
375 -0.0235494
376 -0.0223689
377 -0.0223075
378 -0.022245
379 -0.0221807
380 -0.0176436
381 -0.0175839
382 -0.0164062
383 -0.0163476
384 -0.0134968
385 -0.0134449
386 -0.0106048
387 -0.00888488
388 -0.00157863
389 -0.000981097
390 -0.000943684
391 -0.00258373
392 -0.00254352
393 -0.00250555
394 -0.00247093
395 0.000357376
396 0.00262287
397 0.00544625
398 0.00547305
399 0.00270328
400 0.00328965
401 0.00778982
402 0.0100553
403 0.0100827
404 0.01011
405 0.0123727
406 0.01184
407 0.011864
408 0.0185913
409 0.0186041
410 0.0214012
411 0.0258662
412 0.0264124
413 0.0269591
414 0.0381262
415 0.0431452
416 0.0448121
417 0.0481536
418 0.0470234
419 0.0470117
420 0.0469955
421 0.0469726
422 0.0469497
423 0.0469257
424 0.0502544
425 0.0546932
426 0.0535401
427 0.051269
428 0.0517906
429 0.0545469
430 0.05451
431 0.054472
432 0.0516365
433 0.0527158
434 0.0526762
435 0.0526365
436 0.0525975
437 0.0514394
438 0.0513975
439 0.0502359
440 0.0501924
441 0.0501466
442 0.0523361
443 0.0522881
444 0.0516801
445 0.0505124
446 0.04711
447 0.042589
448 0.0347082
449 0.0329726
450 0.0301152
451 0.0244657
452 0.0244043
453 0.0243462
454 0.0242882
455 0.024229
456 0.0219339
457 0.0185198
458 0.0173404
459 0.0172779
460 0.012743
461 0.00876821
462 0.00758386
463 0.00416239
464 0.00409482
465 0.000113334
466 -0.00274959
467 -0.00729008
468 -0.00903454
469 -0.0113358
470 -0.00748776
471 -0.00755644
472 -0.00650499
473 -0.00657535
474 -0.00161379
475 -0.00112739
476 -0.00343365
477 -0.00796855
478 -0.00970743
479 -0.00753072
480 -0.00870512
481 -0.0104384
482 -0.0104915
483 -0.0105451
484 -0.010602
485 -0.0112219
486 -0.0118406
487 -0.0130183
488 -0.0136336
489 -0.0136917
490 -0.0137442
491 -0.0137928
492 -0.013283
493 -0.0133266
494 -0.0133684
495 -0.0134064
496 -0.0145578
497 -0.015706
498 -0.016295
499 -0.0174426
