chr8	43546000	-105	2
chr8	43546001	-106	3
chr8	43546002	-108	2
chr8	43546003	-110	1
chr8	43546004	-109	5
chr8	43546005	-108	7
chr8	43546006	-108	0
chr8	43546007	-108	2
chr8	43546008	-105	1
chr8	43546009	-105	4
chr8	43546010	-107	1
chr8	43546011	-106	1
chr8	43546012	-103	1
chr8	43546013	-105	0
chr8	43546014	-101	0
chr8	43546015	-101	0
chr8	43546016	-102	0
chr8	43546017	-102	0
chr8	43546018	-91	0
chr8	43546019	-95	4
chr8	43546020	-93	3
chr8	43546021	-95	0
chr8	43546022	-94	0
chr8	43546023	-96	0
chr8	43546024	-95	0
chr8	43546025	-92	0
chr8	43546026	-91	1
chr8	43546027	-90	0
chr8	43546028	-84	1
chr8	43546029	-84	0
chr8	43546030	-80	6
chr8	43546031	-74	0
chr8	43546032	-72	0
chr8	43546033	-69	0
chr8	43546034	-65	6
chr8	43546035	-65	0
chr8	43546036	-63	0
chr8	43546037	-63	2
chr8	43546038	-63	0
chr8	43546039	-63	0
chr8	43546040	-62	2
chr8	43546041	-62	0
chr8	43546042	-59	0
chr8	43546043	-61	1
chr8	43546044	-61	0
chr8	43546045	-61	0
chr8	43546046	-61	0
chr8	43546047	-61	0
chr8	43546048	-62	2
chr8	43546049	-62	0
chr8	43546050	-60	2
chr8	43546051	-46	3
chr8	43546052	-46	2
chr8	43546053	-40	0
chr8	43546054	-38	0
chr8	43546055	-41	0
chr8	43546056	-41	0
chr8	43546057	-40	1
chr8	43546058	-42	1
chr8	43546059	-40	1
chr8	43546060	-40	2
chr8	43546061	-36	1
chr8	43546062	-33	2
chr8	43546063	-33	0
chr8	43546064	-31	0
chr8	43546065	-25	0
chr8	43546066	-18	0
chr8	43546067	-18	0
chr8	43546068	-18	0
chr8	43546069	-17	2
chr8	43546070	-13	0
chr8	43546071	-12	1
chr8	43546072	-13	1
chr8	43546073	-16	0
chr8	43546074	-16	0
chr8	43546075	-16	2
chr8	43546076	-16	0
chr8	43546077	-18	0
chr8	43546078	-18	2
chr8	43546079	-22	0
chr8	43546080	-14	2
chr8	43546081	-18	0
chr8	43546082	-20	1
chr8	43546083	-20	0
chr8	43546084	-28	0
chr8	43546085	-31	0
chr8	43546086	-31	0
chr8	43546087	-29	0
chr8	43546088	-29	0
chr8	43546089	-27	0
chr8	43546090	-27	0
chr8	43546091	-22	3
chr8	43546092	-22	0
chr8	43546093	-22	0
chr8	43546094	-22	0
chr8	43546095	-10	0
chr8	43546096	-10	0
chr8	43546097	-11	0
chr8	43546098	-9	0
chr8	43546099	-9	0
chr8	43546100	-11	0
chr8	43546101	-9	0
chr8	43546102	-17	2
chr8	43546103	-23	0
chr8	43546104	-24	0
chr8	43546105	-29	0
chr8	43546106	-31	0
chr8	43546107	-31	1
chr8	43546108	-36	0
chr8	43546109	-34	0
chr8	43546110	-36	0
chr8	43546111	-35	1
chr8	43546112	-29	1
chr8	43546113	-33	0
chr8	43546114	-35	2
chr8	43546115	-35	1
chr8	43546116	-35	0
chr8	43546117	-39	1
chr8	43546118	-38	0
chr8	43546119	-37	0
chr8	43546120	-37	0
chr8	43546121	-35	0
chr8	43546122	-37	2
chr8	43546123	-43	0
chr8	43546124	-57	2
chr8	43546125	-67	0
chr8	43546126	-67	0
chr8	43546127	-68	2
chr8	43546128	-70	0
chr8	43546129	-72	0
chr8	43546130	-70	0
chr8	43546131	-70	1
chr8	43546132	-68	4
chr8	43546133	-67	0
chr8	43546134	-67	0
chr8	43546135	-67	0
chr8	43546136	-64	1
chr8	43546137	-67	0
chr8	43546138	-76	2
chr8	43546139	-77	0
chr8	43546140	-77	5
chr8	43546141	-73	2
chr8	43546142	-73	0
chr8	43546143	-76	4
chr8	43546144	-76	2
chr8	43546145	-76	0
chr8	43546146	-78	0
chr8	43546147	-80	0
chr8	43546148	-80	0
chr8	43546149	-88	0
chr8	43546150	-88	1
chr8	43546151	-88	0
chr8	43546152	-82	0
chr8	43546153	-82	0
chr8	43546154	-82	0
chr8	43546155	-82	0
chr8	43546156	-84	1
chr8	43546157	-88	1
chr8	43546158	-88	0
chr8	43546159	-88	2
chr8	43546160	-88	0
chr8	43546161	-88	5
chr8	43546162	-88	3
chr8	43546163	-86	2
chr8	43546164	-86	3
chr8	43546165	-86	1
chr8	43546166	-87	0
chr8	43546167	-91	3
chr8	43546168	-93	0
chr8	43546169	-93	2
chr8	43546170	-93	1
chr8	43546171	-93	0
chr8	43546172	-92	3
chr8	43546173	-91	1
chr8	43546174	-91	0
chr8	43546175	-93	0
chr8	43546176	-94	2
chr8	43546177	-94	0
chr8	43546178	-94	0
chr8	43546179	-94	1
chr8	43546180	-94	2
chr8	43546181	-94	2
chr8	43546182	-94	5
chr8	43546183	-90	7
chr8	43546184	-90	5
chr8	43546185	-88	0
chr8	43546186	-88	1
chr8	43546187	-88	1
chr8	43546188	-87	1
chr8	43546189	-87	0
chr8	43546190	-89	0
chr8	43546191	-89	0
chr8	43546192	-88	0
chr8	43546193	-80	0
chr8	43546194	-84	0
chr8	43546195	-84	1
chr8	43546196	-85	3
chr8	43546197	-84	5
chr8	43546198	-84	2
chr8	43546199	-82	0
chr8	43546200	-82	0
chr8	43546201	-74	0
chr8	43546202	-70	4
chr8	43546203	-70	0
chr8	43546204	-67	0
chr8	43546205	-72	2
chr8	43546206	-72	2
chr8	43546207	-72	0
chr8	43546208	-73	4
chr8	43546209	-73	0
chr8	43546210	-73	0
chr8	43546211	-72	0
chr8	43546212	-72	0
chr8	43546213	-72	0
chr8	43546214	-75	0
chr8	43546215	-75	2
chr8	43546216	-75	4
chr8	43546217	-75	0
chr8	43546218	-75	0
chr8	43546219	-77	0
chr8	43546220	-73	0
chr8	43546221	-74	0
chr8	43546222	-67	0
chr8	43546223	-64	0
chr8	43546224	-60	0
chr8	43546225	-66	1
chr8	43546226	-65	2
chr8	43546227	-66	2
chr8	43546228	-62	0
chr8	43546229	-62	0
chr8	43546230	-58	0
chr8	43546231	-56	0
chr8	43546232	-56	1
chr8	43546233	-53	0
chr8	43546234	-54	4
chr8	43546235	-54	1
chr8	43546236	-54	0
chr8	43546237	-54	1
chr8	43546238	-58	0
chr8	43546239	-58	0
chr8	43546240	-56	0
chr8	43546241	-52	0
chr8	43546242	-49	0
chr8	43546243	-42	0
chr8	43546244	-35	0
chr8	43546245	-34	0
chr8	43546246	-37	0
chr8	43546247	-36	1
chr8	43546248	-35	0
chr8	43546249	-34	1
chr8	43546250	-34	0
chr8	43546251	-34	0
chr8	43546252	-34	0
chr8	43546253	-34	2
chr8	43546254	-35	0
chr8	43546255	-35	1
chr8	43546256	-35	0
chr8	43546257	-29	0
chr8	43546258	-24	0
chr8	43546259	-21	0
chr8	43546260	-21	0
chr8	43546261	-21	0
chr8	43546262	-21	0
chr8	43546263	-15	1
chr8	43546264	-17	4
chr8	43546265	-17	0
chr8	43546266	-13	0
chr8	43546267	-9	1
chr8	43546268	-13	0
chr8	43546269	-9	0
chr8	43546270	-10	1
chr8	43546271	-11	0
chr8	43546272	-11	0
chr8	43546273	-11	2
chr8	43546274	-12	0
chr8	43546275	-12	0
chr8	43546276	-8	2
chr8	43546277	0	1
chr8	43546278	-1	1
chr8	43546279	-1	0
chr8	43546280	-1	1
chr8	43546281	-1	0
chr8	43546282	-1	0
chr8	43546283	-1	0
chr8	43546284	-2	5
chr8	43546285	-4	0
chr8	43546286	-7	1
chr8	43546287	-12	0
chr8	43546288	-10	0
chr8	43546289	-14	0
chr8	43546290	-16	0
chr8	43546291	-16	0
chr8	43546292	-18	0
chr8	43546293	-18	1
chr8	43546294	-18	0
chr8	43546295	-10	0
chr8	43546296	-9	1
chr8	43546297	-9	2
chr8	43546298	-8	0
chr8	43546299	-12	0
chr8	43546300	-24	0
chr8	43546301	-32	0
chr8	43546302	-33	0
chr8	43546303	-33	0
chr8	43546304	-33	2
chr8	43546305	-33	3
chr8	43546306	-33	1
chr8	43546307	-34	0
chr8	43546308	-35	0
chr8	43546309	-37	0
chr8	43546310	-44	0
chr8	43546311	-47	0
chr8	43546312	-50	0
chr8	43546313	-52	1
chr8	43546314	-52	0
chr8	43546315	-55	1
chr8	43546316	-53	0
chr8	43546317	-53	1
chr8	43546318	-55	0
chr8	43546319	-57	0
chr8	43546320	-57	0
chr8	43546321	-57	0
chr8	43546322	-61	2
chr8	43546323	-62	1
chr8	43546324	-64	0
chr8	43546325	-67	0
chr8	43546326	-68	0
chr8	43546327	-71	2
chr8	43546328	-75	0
chr8	43546329	-75	1
chr8	43546330	-75	1
chr8	43546331	-77	0
chr8	43546332	-81	0
chr8	43546333	-81	1
chr8	43546334	-78	0
chr8	43546335	-78	0
chr8	43546336	-78	0
chr8	43546337	-74	1
chr8	43546338	-72	0
chr8	43546339	-71	0
chr8	43546340	-71	0
chr8	43546341	-71	0
chr8	43546342	-71	0
chr8	43546343	-73	1
chr8	43546344	-74	1
chr8	43546345	-69	4
chr8	43546346	-71	4
chr8	43546347	-71	0
chr8	43546348	-78	2
chr8	43546349	-78	1
chr8	43546350	-79	0
chr8	43546351	-81	2
chr8	43546352	-81	2
chr8	43546353	-82	0
chr8	43546354	-81	0
chr8	43546355	-81	0
chr8	43546356	-81	0
chr8	43546357	-80	0
chr8	43546358	-78	2
chr8	43546359	-80	7
chr8	43546360	-80	6
chr8	43546361	-80	1
chr8	43546362	-82	0
chr8	43546363	-82	0
chr8	43546364	-82	0
chr8	43546365	-80	0
chr8	43546366	-74	1
chr8	43546367	-75	3
chr8	43546368	-75	1
chr8	43546369	-75	4
chr8	43546370	-75	3
chr8	43546371	-75	3
chr8	43546372	-77	1
chr8	43546373	-81	2
chr8	43546374	-79	2
chr8	43546375	-81	0
chr8	43546376	-80	0
chr8	43546377	-80	2
chr8	43546378	-78	1
chr8	43546379	-78	0
chr8	43546380	-78	0
chr8	43546381	-80	2
chr8	43546382	-86	1
chr8	43546383	-83	2
chr8	43546384	-82	4
chr8	43546385	-86	1
chr8	43546386	-86	3
chr8	43546387	-86	6
chr8	43546388	-84	0
chr8	43546389	-84	0
chr8	43546390	-82	2
chr8	43546391	-83	2
chr8	43546392	-84	0
chr8	43546393	-84	0
chr8	43546394	-82	0
chr8	43546395	-82	0
chr8	43546396	-84	0
chr8	43546397	-84	0
chr8	43546398	-82	0
chr8	43546399	-82	0
chr8	43546400	-82	1
chr8	43546401	-82	0
chr8	43546402	-82	1
chr8	43546403	-82	1
chr8	43546404	-80	0
chr8	43546405	-79	2
chr8	43546406	-72	2
chr8	43546407	-68	5
chr8	43546408	-68	0
chr8	43546409	-66	1
chr8	43546410	-65	1
chr8	43546411	-66	0
chr8	43546412	-64	1
chr8	43546413	-60	0
chr8	43546414	-60	0
chr8	43546415	-60	0
chr8	43546416	-60	0
chr8	43546417	-60	0
chr8	43546418	-60	1
chr8	43546419	-60	0
chr8	43546420	-51	0
chr8	43546421	-41	1
chr8	43546422	-39	0
chr8	43546423	-40	0
chr8	43546424	-43	0
chr8	43546425	-44	0
chr8	43546426	-44	3
chr8	43546427	-42	0
chr8	43546428	-36	0
chr8	43546429	-35	0
chr8	43546430	-31	0
chr8	43546431	-25	2
chr8	43546432	-19	2
chr8	43546433	-18	0
chr8	43546434	-14	2
chr8	43546435	-11	0
chr8	43546436	-11	0
chr8	43546437	-12	0
chr8	43546438	-8	0
chr8	43546439	-9	0
chr8	43546440	-10	1
chr8	43546441	-12	3
chr8	43546442	-12	1
chr8	43546443	-10	0
chr8	43546444	-8	2
chr8	43546445	-3	0
chr8	43546446	-1	0
chr8	43546447	5	0
chr8	43546448	13	0
chr8	43546449	13	0
chr8	43546450	5	3
chr8	43546451	7	1
chr8	43546452	8	0
chr8	43546453	8	0
chr8	43546454	8	0
chr8	43546455	3	1
chr8	43546456	1	0
chr8	43546457	1	0
chr8	43546458	1	0
chr8	43546459	0	0
chr8	43546460	-4	0
chr8	43546461	-17	0
chr8	43546462	-17	0
chr8	43546463	-16	0
chr8	43546464	-15	0
chr8	43546465	-15	0
chr8	43546466	-11	0
chr8	43546467	-9	0
chr8	43546468	-5	0
chr8	43546469	-9	0
chr8	43546470	-7	1
chr8	43546471	-16	1
chr8	43546472	-18	0
chr8	43546473	-16	0
chr8	43546474	-19	0
chr8	43546475	-19	0
chr8	43546476	-23	0
chr8	43546477	-23	0
chr8	43546478	-23	2
chr8	43546479	-22	0
chr8	43546480	-22	0
chr8	43546481	-22	0
chr8	43546482	-27	1
chr8	43546483	-33	3
chr8	43546484	-37	1
chr8	43546485	-39	0
chr8	43546486	-39	0
chr8	43546487	-33	0
chr8	43546488	-33	0
chr8	43546489	-35	0
chr8	43546490	-37	0
chr8	43546491	-37	0
chr8	43546492	-33	0
chr8	43546493	-37	0
chr8	43546494	-39	0
chr8	43546495	-45	0
chr8	43546496	-54	1
chr8	43546497	-56	0
chr8	43546498	-59	2
chr8	43546499	-59	1
chr8	43546500	-59	1
chr8	43546501	-58	1
chr8	43546502	-55	0
chr8	43546503	-53	0
chr8	43546504	-56	0
chr8	43546505	-54	0
chr8	43546506	-54	0
chr8	43546507	-60	2
chr8	43546508	-72	0
chr8	43546509	-76	5
chr8	43546510	-80	0
chr8	43546511	-74	1
chr8	43546512	-72	0
chr8	43546513	-76	0
chr8	43546514	-76	5
chr8	43546515	-77	1
chr8	43546516	-77	0
chr8	43546517	-79	0
chr8	43546518	-79	1
chr8	43546519	-79	2
chr8	43546520	-81	7
chr8	43546521	-82	0
chr8	43546522	-82	0
chr8	43546523	-82	1
chr8	43546524	-84	0
chr8	43546525	-84	0
chr8	43546526	-84	2
chr8	43546527	-84	2
chr8	43546528	-84	2
chr8	43546529	-84	0
chr8	43546530	-84	5
chr8	43546531	-84	1
chr8	43546532	-83	0
chr8	43546533	-90	3
chr8	43546534	-93	0
chr8	43546535	-95	2
chr8	43546536	-95	0
chr8	43546537	-95	0
chr8	43546538	-95	0
chr8	43546539	-91	0
chr8	43546540	-91	0
chr8	43546541	-91	6
chr8	43546542	-91	6
chr8	43546543	-89	4
chr8	43546544	-83	1
chr8	43546545	-83	0
chr8	43546546	-83	0
chr8	43546547	-85	0
chr8	43546548	-85	1
chr8	43546549	-85	1
chr8	43546550	-85	0
chr8	43546551	-85	0
chr8	43546552	-85	3
chr8	43546553	-85	2
chr8	43546554	-85	5
chr8	43546555	-85	5
chr8	43546556	-85	1
chr8	43546557	-83	3
chr8	43546558	-83	0
chr8	43546559	-80	0
chr8	43546560	-78	0
chr8	43546561	-77	0
chr8	43546562	-76	0
chr8	43546563	-76	2
chr8	43546564	-76	0
chr8	43546565	-76	0
chr8	43546566	-76	3
chr8	43546567	-76	6
chr8	43546568	-76	2
chr8	43546569	-76	4
chr8	43546570	-70	0
chr8	43546571	-70	0
chr8	43546572	-68	2
chr8	43546573	-70	0
chr8	43546574	-70	1
chr8	43546575	-60	1
chr8	43546576	-59	1
chr8	43546577	-59	0
chr8	43546578	-59	0
chr8	43546579	-57	1
chr8	43546580	-55	1
chr8	43546581	-50	0
chr8	43546582	-50	0
chr8	43546583	-50	2
chr8	43546584	-48	0
chr8	43546585	-52	0
chr8	43546586	-56	0
chr8	43546587	-54	0
chr8	43546588	-54	0
chr8	43546589	-52	0
chr8	43546590	-52	2
chr8	43546591	-47	0
chr8	43546592	-46	5
chr8	43546593	-47	3
chr8	43546594	-41	2
chr8	43546595	-42	0
chr8	43546596	-40	0
chr8	43546597	-40	0
chr8	43546598	-40	0
chr8	43546599	-40	0
chr8	43546600	-40	0
chr8	43546601	-40	0
chr8	43546602	-28	0
chr8	43546603	-17	0
chr8	43546604	-11	2
chr8	43546605	-14	0
chr8	43546606	-14	1
chr8	43546607	-14	0
chr8	43546608	-14	0
chr8	43546609	-13	0
chr8	43546610	-12	0
chr8	43546611	-16	0
chr8	43546612	-16	0
chr8	43546613	-15	0
chr8	43546614	-11	0
chr8	43546615	-8	0
chr8	43546616	-2	0
chr8	43546617	-1	0
chr8	43546618	5	1
chr8	43546619	1	0
chr8	43546620	-1	0
chr8	43546621	-2	0
chr8	43546622	-2	0
chr8	43546623	-4	0
chr8	43546624	-1	0
chr8	43546625	-1	0
chr8	43546626	-7	0
chr8	43546627	-4	1
chr8	43546628	2	0
chr8	43546629	-2	1
chr8	43546630	6	0
chr8	43546631	6	0
chr8	43546632	6	2
chr8	43546633	8	0
chr8	43546634	8	0
chr8	43546635	8	0
chr8	43546636	10	0
chr8	43546637	11	0
chr8	43546638	11	0
chr8	43546639	11	0
chr8	43546640	12	1
chr8	43546641	11	0
chr8	43546642	7	0
chr8	43546643	7	0
chr8	43546644	11	2
chr8	43546645	8	2
chr8	43546646	4	2
chr8	43546647	4	1
chr8	43546648	4	0
chr8	43546649	4	0
chr8	43546650	4	0
chr8	43546651	8	0
chr8	43546652	8	1
chr8	43546653	15	0
chr8	43546654	20	1
chr8	43546655	24	0
chr8	43546656	24	0
chr8	43546657	22	0
chr8	43546658	22	0
chr8	43546659	22	0
chr8	43546660	22	0
chr8	43546661	21	0
chr8	43546662	19	1
chr8	43546663	19	1
chr8	43546664	19	2
chr8	43546665	23	0
chr8	43546666	23	0
chr8	43546667	24	0
chr8	43546668	22	0
chr8	43546669	22	0
chr8	43546670	22	2
chr8	43546671	22	0
chr8	43546672	22	1
chr8	43546673	12	0
chr8	43546674	11	1
chr8	43546675	9	0
chr8	43546676	9	0
chr8	43546677	9	0
chr8	43546678	8	2
chr8	43546679	2	2
chr8	43546680	2	1
chr8	43546681	-1	0
chr8	43546682	-1	2
chr8	43546683	-7	0
chr8	43546684	-10	0
chr8	43546685	-10	3
chr8	43546686	-14	0
chr8	43546687	-15	0
chr8	43546688	-17	3
chr8	43546689	-17	0
chr8	43546690	-18	0
chr8	43546691	-24	0
chr8	43546692	-24	0
chr8	43546693	-22	0
chr8	43546694	-28	1
chr8	43546695	-28	0
chr8	43546696	-33	0
chr8	43546697	-36	0
chr8	43546698	-37	0
chr8	43546699	-37	0
chr8	43546700	-38	1
chr8	43546701	-38	2
chr8	43546702	-39	0
chr8	43546703	-41	0
chr8	43546704	-48	2
chr8	43546705	-47	2
chr8	43546706	-49	0
chr8	43546707	-45	0
chr8	43546708	-52	0
chr8	43546709	-52	0
chr8	43546710	-52	0
chr8	43546711	-52	0
chr8	43546712	-54	1
chr8	43546713	-54	1
chr8	43546714	-54	0
chr8	43546715	-64	0
chr8	43546716	-64	1
chr8	43546717	-64	0
chr8	43546718	-64	0
chr8	43546719	-66	0
chr8	43546720	-66	1
chr8	43546721	-67	1
chr8	43546722	-75	0
chr8	43546723	-84	0
chr8	43546724	-83	0
chr8	43546725	-81	0
chr8	43546726	-82	0
chr8	43546727	-83	1
chr8	43546728	-84	0
chr8	43546729	-84	0
chr8	43546730	-87	0
chr8	43546731	-85	0
chr8	43546732	-85	5
chr8	43546733	-84	1
chr8	43546734	-87	1
chr8	43546735	-96	0
chr8	43546736	-96	0
chr8	43546737	-96	1
chr8	43546738	-100	5
chr8	43546739	-98	0
chr8	43546740	-96	2
chr8	43546741	-97	0
chr8	43546742	-102	4
chr8	43546743	-99	3
chr8	43546744	-101	0
chr8	43546745	-101	2
chr8	43546746	-98	1
chr8	43546747	-98	3
chr8	43546748	-98	0
chr8	43546749	-95	3
chr8	43546750	-95	3
chr8	43546751	-96	0
chr8	43546752	-96	2
chr8	43546753	-96	3
chr8	43546754	-98	0
chr8	43546755	-97	4
chr8	43546756	-97	3
chr8	43546757	-99	1
chr8	43546758	-105	0
chr8	43546759	-106	1
chr8	43546760	-106	1
chr8	43546761	-105	1
chr8	43546762	-103	2
chr8	43546763	-103	7
chr8	43546764	-107	1
chr8	43546765	-104	3
chr8	43546766	-104	0
chr8	43546767	-104	4
chr8	43546768	-104	0
chr8	43546769	-104	0
chr8	43546770	-106	0
chr8	43546771	-106	2
chr8	43546772	-106	1
chr8	43546773	-104	0
chr8	43546774	-108	6
chr8	43546775	-110	0
chr8	43546776	-110	0
chr8	43546777	-109	0
chr8	43546778	-109	1
chr8	43546779	-111	0
chr8	43546780	-111	1
chr8	43546781	-109	5
chr8	43546782	-108	7
chr8	43546783	-108	0
chr8	43546784	-108	0
chr8	43546785	-108	1
chr8	43546786	-108	1
chr8	43546787	-108	1
chr8	43546788	-107	0
chr8	43546789	-109	2
chr8	43546790	-109	0
chr8	43546791	-111	0
chr8	43546792	-111	0
chr8	43546793	-106	2
chr8	43546794	-104	10
chr8	43546795	-107	0
chr8	43546796	-107	0
chr8	43546797	-107	2
chr8	43546798	-106	0
chr8	43546799	-99	1
chr8	43546800	-99	2
chr8	43546801	-97	5
chr8	43546802	-103	1
chr8	43546803	-97	2
chr8	43546804	-91	0
chr8	43546805	-91	0
chr8	43546806	-89	0
chr8	43546807	-87	0
chr8	43546808	-81	0
chr8	43546809	-87	0
chr8	43546810	-81	1
chr8	43546811	-78	0
chr8	43546812	-81	0
chr8	43546813	-77	2
chr8	43546814	-74	0
chr8	43546815	-74	0
chr8	43546816	-67	1
chr8	43546817	-61	3
chr8	43546818	-59	1
chr8	43546819	-59	0
chr8	43546820	-57	0
chr8	43546821	-55	0
chr8	43546822	-53	0
chr8	43546823	-49	2
chr8	43546824	-35	0
chr8	43546825	-33	1
chr8	43546826	-28	0
chr8	43546827	-28	0
chr8	43546828	-24	0
chr8	43546829	-26	1
chr8	43546830	-26	0
chr8	43546831	-26	0
chr8	43546832	-22	0
chr8	43546833	-21	3
chr8	43546834	-21	1
chr8	43546835	-15	0
chr8	43546836	-15	0
chr8	43546837	-15	0
chr8	43546838	-15	2
chr8	43546839	-14	0
chr8	43546840	-16	0
chr8	43546841	-18	0
chr8	43546842	-11	0
chr8	43546843	-1	0
chr8	43546844	-1	0
chr8	43546845	-2	0
chr8	43546846	0	0
chr8	43546847	-2	0
chr8	43546848	0	1
chr8	43546849	-1	0
chr8	43546850	2	1
chr8	43546851	2	0
chr8	43546852	2	0
chr8	43546853	-2	0
chr8	43546854	1	2
chr8	43546855	20	0
chr8	43546856	20	0
chr8	43546857	19	1
chr8	43546858	17	0
chr8	43546859	10	0
chr8	43546860	10	1
chr8	43546861	10	3
chr8	43546862	20	0
chr8	43546863	22	0
chr8	43546864	24	0
chr8	43546865	24	0
chr8	43546866	24	0
chr8	43546867	19	0
chr8	43546868	19	3
chr8	43546869	15	0
chr8	43546870	11	0
chr8	43546871	11	3
chr8	43546872	7	0
chr8	43546873	3	0
chr8	43546874	0	0
chr8	43546875	-8	0
chr8	43546876	-10	0
chr8	43546877	-9	0
chr8	43546878	-6	0
chr8	43546879	-4	0
chr8	43546880	-14	0
chr8	43546881	-14	0
chr8	43546882	-18	0
chr8	43546883	-22	0
chr8	43546884	-30	0
chr8	43546885	-36	0
chr8	43546886	-40	0
chr8	43546887	-46	0
chr8	43546888	-48	1
chr8	43546889	-48	0
chr8	43546890	-49	0
chr8	43546891	-49	0
chr8	43546892	-49	0
chr8	43546893	-55	0
chr8	43546894	-57	0
chr8	43546895	-58	0
chr8	43546896	-60	0
chr8	43546897	-62	0
chr8	43546898	-65	0
chr8	43546899	-62	2
chr8	43546900	-62	2
chr8	43546901	-62	0
chr8	43546902	-66	0
chr8	43546903	-66	0
chr8	43546904	-67	1
chr8	43546905	-68	0
chr8	43546906	-72	2
chr8	43546907	-80	0
chr8	43546908	-91	1
chr8	43546909	-95	0
chr8	43546910	-103	0
chr8	43546911	-114	0
chr8	43546912	-114	2
chr8	43546913	-114	0
chr8	43546914	-114	1
chr8	43546915	-113	0
chr8	43546916	-117	1
chr8	43546917	-117	4
chr8	43546918	-116	4
chr8	43546919	-120	1
chr8	43546920	-124	2
chr8	43546921	-122	0
chr8	43546922	-119	0
chr8	43546923	-119	1
chr8	43546924	-131	0
chr8	43546925	-131	0
chr8	43546926	-131	4
chr8	43546927	-133	0
chr8	43546928	-133	4
chr8	43546929	-130	2
chr8	43546930	-131	1
chr8	43546931	-134	2
chr8	43546932	-132	2
chr8	43546933	-134	4
chr8	43546934	-134	4
chr8	43546935	-134	1
chr8	43546936	-134	0
chr8	43546937	-137	0
chr8	43546938	-137	0
chr8	43546939	-137	8
chr8	43546940	-137	0
chr8	43546941	-138	2
chr8	43546942	-141	2
chr8	43546943	-143	5
chr8	43546944	-143	5
chr8	43546945	-143	5
chr8	43546946	-143	6
chr8	43546947	-143	1
chr8	43546948	-143	0
chr8	43546949	-143	1
chr8	43546950	-144	0
chr8	43546951	-144	0
chr8	43546952	-146	6
chr8	43546953	-146	3
chr8	43546954	-147	1
chr8	43546955	-147	1
chr8	43546956	-147	1
chr8	43546957	-147	2
chr8	43546958	-147	1
chr8	43546959	-147	0
chr8	43546960	-143	0
chr8	43546961	-141	2
chr8	43546962	-142	0
chr8	43546963	-142	1
chr8	43546964	-142	1
chr8	43546965	-140	2
chr8	43546966	-141	8
chr8	43546967	-139	8
chr8	43546968	-139	4
chr8	43546969	-137	4
chr8	43546970	-141	6
chr8	43546971	-141	0
chr8	43546972	-141	0
chr8	43546973	-139	0
chr8	43546974	-139	1
chr8	43546975	-137	2
chr8	43546976	-137	0
chr8	43546977	-135	1
chr8	43546978	-128	2
chr8	43546979	-123	2
chr8	43546980	-121	0
chr8	43546981	-119	0
chr8	43546982	-119	0
chr8	43546983	-119	8
chr8	43546984	-119	0
chr8	43546985	-119	0
chr8	43546986	-119	2
chr8	43546987	-112	0
chr8	43546988	-112	0
chr8	43546989	-104	1
chr8	43546990	-102	3
chr8	43546991	-101	2
chr8	43546992	-99	1
chr8	43546993	-97	0
chr8	43546994	-92	0
chr8	43546995	-88	0
chr8	43546996	-87	3
chr8	43546997	-89	0
chr8	43546998	-89	0
chr8	43546999	-89	0
chr8	43547000	-75	1
chr8	43547001	-75	2
chr8	43547002	-73	2
chr8	43547003	-71	0
chr8	43547004	-66	0
chr8	43547005	-57	0
chr8	43547006	-48	0
chr8	43547007	-36	0
chr8	43547008	-35	1
chr8	43547009	-35	1
chr8	43547010	-34	0
chr8	43547011	-42	1
chr8	43547012	-42	0
chr8	43547013	-30	1
chr8	43547014	-26	0
chr8	43547015	-25	0
chr8	43547016	-28	0
chr8	43547017	-27	0
chr8	43547018	-24	0
chr8	43547019	-24	0
chr8	43547020	-24	0
chr8	43547021	-24	1
chr8	43547022	-22	0
chr8	43547023	-22	0
chr8	43547024	-20	0
chr8	43547025	-20	1
chr8	43547026	-18	0
chr8	43547027	-3	0
chr8	43547028	10	0
chr8	43547029	17	4
chr8	43547030	21	0
chr8	43547031	25	0
chr8	43547032	25	0
chr8	43547033	25	0
chr8	43547034	25	0
chr8	43547035	27	0
chr8	43547036	29	0
chr8	43547037	25	0
chr8	43547038	25	0
chr8	43547039	27	0
chr8	43547040	29	0
chr8	43547041	29	0
chr8	43547042	29	0
chr8	43547043	27	1
chr8	43547044	38	0
chr8	43547045	38	0
chr8	43547046	38	0
chr8	43547047	42	0
chr8	43547048	42	0
chr8	43547049	35	0
chr8	43547050	36	0
chr8	43547051	42	0
chr8	43547052	44	0
chr8	43547053	39	0
chr8	43547054	39	0
chr8	43547055	33	0
chr8	43547056	31	2
chr8	43547057	35	0
chr8	43547058	33	0
chr8	43547059	33	0
chr8	43547060	33	0
chr8	43547061	33	0
chr8	43547062	36	0
chr8	43547063	40	0
chr8	43547064	40	0
chr8	43547065	40	1
chr8	43547066	38	0
chr8	43547067	32	0
chr8	43547068	32	0
chr8	43547069	34	0
chr8	43547070	34	4
chr8	43547071	32	0
chr8	43547072	23	0
chr8	43547073	17	0
chr8	43547074	14	0
chr8	43547075	10	2
chr8	43547076	10	0
chr8	43547077	7	0
chr8	43547078	7	1
chr8	43547079	3	0
chr8	43547080	-7	0
chr8	43547081	-25	0
chr8	43547082	-25	0
chr8	43547083	-25	0
chr8	43547084	-25	1
chr8	43547085	-27	0
chr8	43547086	-29	1
chr8	43547087	-29	0
chr8	43547088	-29	0
chr8	43547089	-29	0
chr8	43547090	-25	1
chr8	43547091	-26	0
chr8	43547092	-28	0
chr8	43547093	-28	0
chr8	43547094	-30	0
chr8	43547095	-32	0
chr8	43547096	-39	2
chr8	43547097	-39	1
chr8	43547098	-41	0
chr8	43547099	-41	0
chr8	43547100	-41	0
chr8	43547101	-41	0
chr8	43547102	-44	1
chr8	43547103	-47	1
chr8	43547104	-50	0
chr8	43547105	-54	0
chr8	43547106	-54	0
chr8	43547107	-59	0
chr8	43547108	-64	4
chr8	43547109	-69	1
chr8	43547110	-73	0
chr8	43547111	-73	0
chr8	43547112	-73	3
chr8	43547113	-73	0
chr8	43547114	-81	3
chr8	43547115	-81	2
chr8	43547116	-84	2
chr8	43547117	-82	1
chr8	43547118	-83	0
chr8	43547119	-83	0
chr8	43547120	-83	2
chr8	43547121	-85	0
chr8	43547122	-85	0
chr8	43547123	-93	0
chr8	43547124	-95	0
chr8	43547125	-100	1
chr8	43547126	-98	3
chr8	43547127	-98	0
chr8	43547128	-98	0
chr8	43547129	-98	1
chr8	43547130	-98	1
chr8	43547131	-94	5
chr8	43547132	-94	4
chr8	43547133	-94	3
chr8	43547134	-94	2
chr8	43547135	-94	0
chr8	43547136	-92	3
chr8	43547137	-92	0
chr8	43547138	-92	4
chr8	43547139	-91	8
chr8	43547140	-93	9
chr8	43547141	-93	1
chr8	43547142	-93	0
chr8	43547143	-95	0
chr8	43547144	-95	1
chr8	43547145	-94	3
chr8	43547146	-94	0
chr8	43547147	-92	0
chr8	43547148	-92	0
chr8	43547149	-92	2
chr8	43547150	-93	1
chr8	43547151	-92	1
chr8	43547152	-92	0
chr8	43547153	-98	1
chr8	43547154	-98	1
chr8	43547155	-98	6
chr8	43547156	-98	0
chr8	43547157	-98	2
chr8	43547158	-97	0
chr8	43547159	-101	0
chr8	43547160	-101	0
chr8	43547161	-101	2
chr8	43547162	-101	3
chr8	43547163	-100	4
chr8	43547164	-98	2
chr8	43547165	-100	0
chr8	43547166	-102	5
chr8	43547167	-102	3
chr8	43547168	-102	3
chr8	43547169	-97	4
chr8	43547170	-95	0
chr8	43547171	-95	0
chr8	43547172	-97	0
chr8	43547173	-96	4
chr8	43547174	-98	0
chr8	43547175	-95	3
chr8	43547176	-91	1
chr8	43547177	-87	1
chr8	43547178	-91	0
chr8	43547179	-91	0
chr8	43547180	-91	2
chr8	43547181	-87	0
chr8	43547182	-87	8
chr8	43547183	-87	1
chr8	43547184	-87	3
chr8	43547185	-87	0
chr8	43547186	-88	0
chr8	43547187	-88	0
chr8	43547188	-88	0
chr8	43547189	-88	0
chr8	43547190	-87	0
chr8	43547191	-86	0
chr8	43547192	-81	0
chr8	43547193	-75	0
chr8	43547194	-71	0
chr8	43547195	-69	0
chr8	43547196	-69	0
chr8	43547197	-63	0
chr8	43547198	-63	0
chr8	43547199	-56	2
chr8	43547200	-42	0
chr8	43547201	-33	0
chr8	43547202	-32	1
chr8	43547203	-32	0
chr8	43547204	-32	0
chr8	43547205	-31	0
chr8	43547206	-25	0
chr8	43547207	-25	0
chr8	43547208	-25	0
chr8	43547209	-25	1
chr8	43547210	-24	0
chr8	43547211	-27	0
chr8	43547212	-26	3
chr8	43547213	-28	0
chr8	43547214	-27	0
chr8	43547215	-28	0
chr8	43547216	-25	1
chr8	43547217	-25	0
chr8	43547218	-22	2
chr8	43547219	-22	0
chr8	43547220	-22	0
chr8	43547221	-22	0
chr8	43547222	-19	0
chr8	43547223	-15	0
chr8	43547224	-8	1
chr8	43547225	-6	2
chr8	43547226	-6	0
chr8	43547227	-2	0
chr8	43547228	-2	0
chr8	43547229	2	0
chr8	43547230	10	0
chr8	43547231	8	1
chr8	43547232	8	1
chr8	43547233	8	1
chr8	43547234	12	0
chr8	43547235	12	0
chr8	43547236	18	0
chr8	43547237	19	3
chr8	43547238	13	0
chr8	43547239	13	0
chr8	43547240	13	0
chr8	43547241	17	0
chr8	43547242	15	0
chr8	43547243	30	0
chr8	43547244	31	0
chr8	43547245	32	1
chr8	43547246	30	3
chr8	43547247	30	0
chr8	43547248	29	0
chr8	43547249	29	0
chr8	43547250	29	0
chr8	43547251	29	0
chr8	43547252	23	0
chr8	43547253	21	0
chr8	43547254	11	0
chr8	43547255	2	0
chr8	43547256	1	0
chr8	43547257	1	0
chr8	43547258	1	1
chr8	43547259	1	0
chr8	43547260	1	0
chr8	43547261	1	0
chr8	43547262	0	0
chr8	43547263	1	0
chr8	43547264	-8	0
chr8	43547265	-10	0
chr8	43547266	-20	0
chr8	43547267	-23	0
chr8	43547268	-43	0
chr8	43547269	-45	1
chr8	43547270	-44	5
chr8	43547271	-44	0
chr8	43547272	-44	2
chr8	43547273	-41	0
chr8	43547274	-41	1
chr8	43547275	-48	4
chr8	43547276	-53	0
chr8	43547277	-62	1
chr8	43547278	-62	0
chr8	43547279	-60	0
chr8	43547280	-62	0
chr8	43547281	-66	0
chr8	43547282	-68	1
chr8	43547283	-70	0
chr8	43547284	-70	0
chr8	43547285	-71	0
chr8	43547286	-69	3
chr8	43547287	-69	2
chr8	43547288	-78	0
chr8	43547289	-82	0
chr8	43547290	-89	1
chr8	43547291	-99	0
chr8	43547292	-99	0
chr8	43547293	-99	0
chr8	43547294	-108	0
chr8	43547295	-113	0
chr8	43547296	-121	0
chr8	43547297	-124	4
chr8	43547298	-120	0
chr8	43547299	-120	0
chr8	43547300	-120	0
chr8	43547301	-120	1
chr8	43547302	-120	1
chr8	43547303	-121	0
chr8	43547304	-124	3
chr8	43547305	-128	1
chr8	43547306	-127	0
chr8	43547307	-121	1
chr8	43547308	-123	0
chr8	43547309	-131	0
chr8	43547310	-131	0
chr8	43547311	-131	3
chr8	43547312	-131	1
chr8	43547313	-132	5
chr8	43547314	-132	5
chr8	43547315	-133	1
chr8	43547316	-133	0
chr8	43547317	-133	0
chr8	43547318	-137	0
chr8	43547319	-135	4
chr8	43547320	-135	0
chr8	43547321	-135	1
chr8	43547322	-137	0
chr8	43547323	-137	5
chr8	43547324	-137	1
chr8	43547325	-137	5
chr8	43547326	-137	2
chr8	43547327	-137	12
chr8	43547328	-137	1
chr8	43547329	-137	0
chr8	43547330	-136	0
chr8	43547331	-128	0
chr8	43547332	-128	0
chr8	43547333	-124	0
chr8	43547334	-124	4
chr8	43547335	-123	3
chr8	43547336	-123	5
chr8	43547337	-123	0
chr8	43547338	-123	0
chr8	43547339	-124	1
chr8	43547340	-124	4
chr8	43547341	-124	2
chr8	43547342	-125	1
chr8	43547343	-124	0
chr8	43547344	-124	2
chr8	43547345	-124	1
chr8	43547346	-124	0
chr8	43547347	-121	7
chr8	43547348	-119	2
chr8	43547349	-119	4
chr8	43547350	-123	6
chr8	43547351	-122	1
chr8	43547352	-126	1
chr8	43547353	-126	10
chr8	43547354	-131	5
chr8	43547355	-133	4
chr8	43547356	-133	3
chr8	43547357	-133	0
chr8	43547358	-129	0
chr8	43547359	-131	0
chr8	43547360	-131	0
chr8	43547361	-131	0
chr8	43547362	-130	1
chr8	43547363	-128	3
chr8	43547364	-128	4
chr8	43547365	-122	0
chr8	43547366	-121	0
chr8	43547367	-121	1
chr8	43547368	-119	5
chr8	43547369	-119	0
chr8	43547370	-119	0
chr8	43547371	-121	0
chr8	43547372	-120	1
chr8	43547373	-119	0
chr8	43547374	-114	1
chr8	43547375	-108	0
chr8	43547376	-106	0
chr8	43547377	-106	2
chr8	43547378	-106	0
chr8	43547379	-106	0
chr8	43547380	-98	0
chr8	43547381	-98	2
chr8	43547382	-96	0
chr8	43547383	-96	0
chr8	43547384	-91	0
chr8	43547385	-91	0
chr8	43547386	-86	0
chr8	43547387	-83	0
chr8	43547388	-70	0
chr8	43547389	-69	1
chr8	43547390	-69	0
chr8	43547391	-72	0
chr8	43547392	-72	0
chr8	43547393	-72	0
chr8	43547394	-72	0
chr8	43547395	-67	2
chr8	43547396	-63	0
chr8	43547397	-58	1
chr8	43547398	-58	1
chr8	43547399	-63	0
chr8	43547400	-62	0
chr8	43547401	-54	1
chr8	43547402	-50	0
chr8	43547403	-50	0
chr8	43547404	-50	0
chr8	43547405	-46	0
chr8	43547406	-47	0
chr8	43547407	-47	0
chr8	43547408	-35	0
chr8	43547409	-35	4
chr8	43547410	-30	0
chr8	43547411	-22	2
chr8	43547412	-21	0
chr8	43547413	-20	5
chr8	43547414	0	1
chr8	43547415	9	0
chr8	43547416	12	0
chr8	43547417	18	0
chr8	43547418	16	2
chr8	43547419	16	0
chr8	43547420	16	0
chr8	43547421	16	0
chr8	43547422	16	0
chr8	43547423	16	0
chr8	43547424	22	0
chr8	43547425	30	0
chr8	43547426	28	0
chr8	43547427	24	0
chr8	43547428	25	0
chr8	43547429	30	0
chr8	43547430	30	2
chr8	43547431	30	1
chr8	43547432	25	0
chr8	43547433	27	0
chr8	43547434	27	0
chr8	43547435	27	0
chr8	43547436	27	0
chr8	43547437	25	0
chr8	43547438	25	0
chr8	43547439	23	0
chr8	43547440	23	0
chr8	43547441	23	0
chr8	43547442	27	0
chr8	43547443	27	0
chr8	43547444	26	1
chr8	43547445	24	0
chr8	43547446	18	0
chr8	43547447	10	2
chr8	43547448	-4	0
chr8	43547449	-7	0
chr8	43547450	-12	3
chr8	43547451	-22	0
chr8	43547452	-22	0
chr8	43547453	-22	0
chr8	43547454	-22	0
chr8	43547455	-22	0
chr8	43547456	-26	0
chr8	43547457	-32	0
chr8	43547458	-34	3
chr8	43547459	-34	0
chr8	43547460	-42	0
chr8	43547461	-49	0
chr8	43547462	-51	1
chr8	43547463	-57	0
chr8	43547464	-57	0
chr8	43547465	-64	1
chr8	43547466	-69	0
chr8	43547467	-77	0
chr8	43547468	-80	1
chr8	43547469	-84	0
chr8	43547470	-77	0
chr8	43547471	-77	1
chr8	43547472	-75	1
chr8	43547473	-75	0
chr8	43547474	-66	1
chr8	43547475	-65	1
chr8	43547476	-69	0
chr8	43547477	-77	1
chr8	43547478	-80	0
chr8	43547479	-76	0
chr8	43547480	-78	0
chr8	43547481	-81	0
chr8	43547482	-81	1
chr8	43547483	-81	0
chr8	43547484	-81	0
chr8	43547485	-82	2
chr8	43547486	-83	2
chr8	43547487	-85	0
chr8	43547488	-86	0
chr8	43547489	-86	0
chr8	43547490	-86	0
chr8	43547491	-86	4
chr8	43547492	-85	0
chr8	43547493	-85	0
chr8	43547494	-85	1
chr8	43547495	-85	0
chr8	43547496	-87	1
chr8	43547497	-89	1
chr8	43547498	-90	2
chr8	43547499	-92	0
chr8	43547500	-94	0
chr8	43547501	-98	0
chr8	43547502	-102	0
chr8	43547503	-104	1
chr8	43547504	-106	1
chr8	43547505	-104	4
chr8	43547506	-104	4
chr8	43547507	-104	7
chr8	43547508	-103	2
chr8	43547509	-103	3
chr8	43547510	-103	6
chr8	43547511	-97	0
chr8	43547512	-97	0
chr8	43547513	-97	0
chr8	43547514	-98	0
chr8	43547515	-102	3
chr8	43547516	-102	3
chr8	43547517	-102	3
chr8	43547518	-105	2
chr8	43547519	-101	4
chr8	43547520	-101	5
chr8	43547521	-101	2
chr8	43547522	-103	3
chr8	43547523	-101	0
chr8	43547524	-102	7
chr8	43547525	-102	5
chr8	43547526	-101	4
chr8	43547527	-102	3
chr8	43547528	-106	2
chr8	43547529	-105	1
chr8	43547530	-105	0
chr8	43547531	-105	0
chr8	43547532	-103	0
chr8	43547533	-101	1
chr8	43547534	-101	0
chr8	43547535	-103	4
chr8	43547536	-102	4
chr8	43547537	-102	2
chr8	43547538	-101	0
chr8	43547539	-101	1
chr8	43547540	-103	3
chr8	43547541	-103	0
chr8	43547542	-103	0
chr8	43547543	-105	0
chr8	43547544	-105	1
chr8	43547545	-109	1
chr8	43547546	-105	1
chr8	43547547	-103	1
chr8	43547548	-103	0
chr8	43547549	-103	0
chr8	43547550	-106	2
chr8	43547551	-106	0
chr8	43547552	-99	0
chr8	43547553	-99	0
chr8	43547554	-105	0
chr8	43547555	-104	1
chr8	43547556	-104	1
chr8	43547557	-103	1
chr8	43547558	-108	2
chr8	43547559	-104	1
chr8	43547560	-104	2
chr8	43547561	-104	2
chr8	43547562	-105	2
chr8	43547563	-105	1
chr8	43547564	-103	0
chr8	43547565	-106	0
chr8	43547566	-102	0
chr8	43547567	-98	2
chr8	43547568	-93	0
chr8	43547569	-90	0
chr8	43547570	-89	0
chr8	43547571	-81	0
chr8	43547572	-81	0
chr8	43547573	-81	1
chr8	43547574	-81	2
chr8	43547575	-81	0
chr8	43547576	-79	0
chr8	43547577	-78	3
chr8	43547578	-73	0
chr8	43547579	-69	0
chr8	43547580	-65	0
chr8	43547581	-57	1
chr8	43547582	-55	0
chr8	43547583	-52	1
chr8	43547584	-52	0
chr8	43547585	-40	0
chr8	43547586	-30	1
chr8	43547587	-26	2
chr8	43547588	-21	0
chr8	43547589	-19	0
chr8	43547590	-17	0
chr8	43547591	-21	0
chr8	43547592	-21	0
chr8	43547593	-21	0
chr8	43547594	-20	2
chr8	43547595	-20	1
chr8	43547596	-16	0
chr8	43547597	-14	0
chr8	43547598	-23	0
chr8	43547599	-23	2
chr8	43547600	-22	0
chr8	43547601	-16	0
chr8	43547602	-17	3
chr8	43547603	-17	0
chr8	43547604	-18	2
chr8	43547605	-16	0
chr8	43547606	-18	0
chr8	43547607	-21	0
chr8	43547608	-19	0
chr8	43547609	-19	3
chr8	43547610	-21	0
chr8	43547611	-20	0
chr8	43547612	-20	0
chr8	43547613	-20	3
chr8	43547614	-20	0
chr8	43547615	-20	0
chr8	43547616	-19	0
chr8	43547617	-18	3
chr8	43547618	-16	0
chr8	43547619	-12	0
chr8	43547620	-17	0
chr8	43547621	-15	1
chr8	43547622	-14	0
chr8	43547623	-11	0
chr8	43547624	-19	2
chr8	43547625	-19	1
chr8	43547626	-19	0
chr8	43547627	-19	1
chr8	43547628	-15	0
chr8	43547629	-15	1
chr8	43547630	-15	0
chr8	43547631	-17	0
chr8	43547632	-23	0
chr8	43547633	-33	0
chr8	43547634	-36	0
chr8	43547635	-34	1
chr8	43547636	-34	1
chr8	43547637	-35	0
chr8	43547638	-31	0
chr8	43547639	-44	0
chr8	43547640	-56	0
chr8	43547641	-56	0
chr8	43547642	-56	0
chr8	43547643	-57	0
chr8	43547644	-55	1
chr8	43547645	-55	0
chr8	43547646	-56	0
chr8	43547647	-54	1
chr8	43547648	-55	0
chr8	43547649	-62	0
chr8	43547650	-63	2
chr8	43547651	-63	0
chr8	43547652	-71	0
chr8	43547653	-76	1
chr8	43547654	-76	0
chr8	43547655	-74	3
chr8	43547656	-75	1
chr8	43547657	-81	6
chr8	43547658	-86	0
chr8	43547659	-89	0
chr8	43547660	-89	0
chr8	43547661	-89	1
chr8	43547662	-89	0
chr8	43547663	-87	1
chr8	43547664	-87	0
chr8	43547665	-85	2
chr8	43547666	-92	2
chr8	43547667	-99	0
chr8	43547668	-99	0
chr8	43547669	-99	1
chr8	43547670	-96	1
chr8	43547671	-98	0
chr8	43547672	-98	0
chr8	43547673	-98	0
chr8	43547674	-98	0
chr8	43547675	-98	0
chr8	43547676	-98	0
chr8	43547677	-98	0
chr8	43547678	-95	0
chr8	43547679	-99	3
chr8	43547680	-99	0
chr8	43547681	-101	1
chr8	43547682	-101	1
chr8	43547683	-101	6
chr8	43547684	-101	0
chr8	43547685	-99	0
chr8	43547686	-103	0
chr8	43547687	-103	0
chr8	43547688	-104	0
chr8	43547689	-105	0
chr8	43547690	-104	2
chr8	43547691	-104	3
chr8	43547692	-110	6
chr8	43547693	-111	3
chr8	43547694	-111	0
chr8	43547695	-111	0
chr8	43547696	-109	1
chr8	43547697	-111	2
chr8	43547698	-117	8
chr8	43547699	-117	12
chr8	43547700	-117	0
chr8	43547701	-117	1
chr8	43547702	-117	1
chr8	43547703	-119	0
chr8	43547704	-119	0
chr8	43547705	-118	1
chr8	43547706	-120	0
chr8	43547707	-122	3
chr8	43547708	-120	5
chr8	43547709	-120	1
chr8	43547710	-120	0
chr8	43547711	-120	5
chr8	43547712	-120	3
chr8	43547713	-120	0
chr8	43547714	-122	0
chr8	43547715	-126	3
chr8	43547716	-121	6
chr8	43547717	-125	3
chr8	43547718	-123	3
chr8	43547719	-123	3
chr8	43547720	-123	0
chr8	43547721	-123	0
chr8	43547722	-123	2
chr8	43547723	-123	0
chr8	43547724	-121	0
chr8	43547725	-121	7
chr8	43547726	-119	7
chr8	43547727	-117	0
chr8	43547728	-117	0
chr8	43547729	-118	0
chr8	43547730	-117	2
chr8	43547731	-115	0
chr8	43547732	-115	0
chr8	43547733	-115	3
chr8	43547734	-116	0
chr8	43547735	-116	0
chr8	43547736	-116	0
chr8	43547737	-116	0
chr8	43547738	-122	3
chr8	43547739	-122	0
chr8	43547740	-119	2
chr8	43547741	-119	2
chr8	43547742	-117	0
chr8	43547743	-115	0
chr8	43547744	-109	0
chr8	43547745	-109	3
chr8	43547746	-109	0
chr8	43547747	-109	1
chr8	43547748	-111	1
chr8	43547749	-111	0
chr8	43547750	-113	0
chr8	43547751	-109	3
chr8	43547752	-106	1
chr8	43547753	-98	0
chr8	43547754	-95	0
chr8	43547755	-95	0
chr8	43547756	-97	3
chr8	43547757	-95	3
chr8	43547758	-91	0
chr8	43547759	-80	0
chr8	43547760	-56	0
chr8	43547761	-56	0
chr8	43547762	-54	2
chr8	43547763	-52	0
chr8	43547764	-54	0
chr8	43547765	-56	1
chr8	43547766	-57	1
chr8	43547767	-57	0
chr8	43547768	-51	0
chr8	43547769	-43	0
chr8	43547770	-45	1
chr8	43547771	-45	0
chr8	43547772	-38	0
chr8	43547773	-37	4
chr8	43547774	-37	2
chr8	43547775	-37	0
chr8	43547776	-37	3
chr8	43547777	-25	2
chr8	43547778	-23	0
chr8	43547779	-17	0
chr8	43547780	-12	0
chr8	43547781	-12	1
chr8	43547782	-12	0
chr8	43547783	-11	0
chr8	43547784	-11	0
chr8	43547785	-11	0
chr8	43547786	3	0
chr8	43547787	17	0
chr8	43547788	17	1
chr8	43547789	15	0
chr8	43547790	0	0
chr8	43547791	-9	0
chr8	43547792	-9	0
chr8	43547793	-9	1
chr8	43547794	-3	0
chr8	43547795	-3	0
chr8	43547796	-3	0
chr8	43547797	-3	3
chr8	43547798	-3	0
chr8	43547799	2	0
chr8	43547800	0	0
chr8	43547801	-3	0
chr8	43547802	-3	0
chr8	43547803	-7	0
chr8	43547804	-11	0
chr8	43547805	-12	0
chr8	43547806	-10	0
chr8	43547807	-10	2
chr8	43547808	-10	0
chr8	43547809	-9	1
chr8	43547810	-9	0
chr8	43547811	-11	0
chr8	43547812	-12	0
chr8	43547813	-10	1
chr8	43547814	-10	0
chr8	43547815	-10	1
chr8	43547816	-10	0
chr8	43547817	-8	0
chr8	43547818	-5	0
chr8	43547819	-8	0
chr8	43547820	-12	0
chr8	43547821	-14	0
chr8	43547822	-14	0
chr8	43547823	-10	1
chr8	43547824	-10	1
chr8	43547825	-12	3
chr8	43547826	-11	0
chr8	43547827	-12	0
chr8	43547828	-24	0
chr8	43547829	-33	2
chr8	43547830	-47	0
chr8	43547831	-46	0
chr8	43547832	-52	2
chr8	43547833	-52	0
chr8	43547834	-44	0
chr8	43547835	-44	4
chr8	43547836	-44	0
chr8	43547837	-44	1
chr8	43547838	-43	0
chr8	43547839	-47	0
chr8	43547840	-49	0
chr8	43547841	-50	0
chr8	43547842	-57	1
chr8	43547843	-71	0
chr8	43547844	-71	0
chr8	43547845	-72	0
chr8	43547846	-74	0
chr8	43547847	-78	0
chr8	43547848	-78	1
chr8	43547849	-76	10
chr8	43547850	-78	7
chr8	43547851	-81	0
chr8	43547852	-82	0
chr8	43547853	-86	0
chr8	43547854	-84	0
chr8	43547855	-87	0
chr8	43547856	-91	0
chr8	43547857	-97	0
chr8	43547858	-94	0
chr8	43547859	-102	2
chr8	43547860	-102	5
chr8	43547861	-103	2
chr8	43547862	-103	3
chr8	43547863	-105	2
chr8	43547864	-108	1
chr8	43547865	-113	2
chr8	43547866	-113	0
chr8	43547867	-113	1
chr8	43547868	-111	1
chr8	43547869	-117	0
chr8	43547870	-117	1
chr8	43547871	-119	2
chr8	43547872	-120	0
chr8	43547873	-120	0
chr8	43547874	-121	0
chr8	43547875	-121	0
chr8	43547876	-120	2
chr8	43547877	-120	0
chr8	43547878	-121	2
chr8	43547879	-121	2
chr8	43547880	-121	2
chr8	43547881	-121	0
chr8	43547882	-121	0
chr8	43547883	-123	0
chr8	43547884	-122	1
chr8	43547885	-123	0
chr8	43547886	-117	1
chr8	43547887	-117	8
chr8	43547888	-117	5
chr8	43547889	-117	7
chr8	43547890	-115	0
chr8	43547891	-115	3
chr8	43547892	-121	0
chr8	43547893	-117	0
chr8	43547894	-117	1
chr8	43547895	-117	0
chr8	43547896	-111	2
chr8	43547897	-111	1
chr8	43547898	-110	2
chr8	43547899	-110	1
chr8	43547900	-111	1
chr8	43547901	-113	6
chr8	43547902	-115	7
chr8	43547903	-115	0
chr8	43547904	-115	1
chr8	43547905	-115	1
chr8	43547906	-115	2
chr8	43547907	-115	0
chr8	43547908	-115	0
chr8	43547909	-114	1
chr8	43547910	-99	2
chr8	43547911	-91	1
chr8	43547912	-91	4
chr8	43547913	-92	0
chr8	43547914	-92	3
chr8	43547915	-93	2
chr8	43547916	-95	3
chr8	43547917	-95	0
chr8	43547918	-95	4
chr8	43547919	-95	0
chr8	43547920	-91	1
chr8	43547921	-83	0
chr8	43547922	-81	1
chr8	43547923	-76	3
chr8	43547924	-74	4
chr8	43547925	-72	0
chr8	43547926	-68	0
chr8	43547927	-68	1
chr8	43547928	-66	3
chr8	43547929	-64	1
chr8	43547930	-64	1
chr8	43547931	-63	1
chr8	43547932	-61	0
chr8	43547933	-63	1
chr8	43547934	-63	0
chr8	43547935	-63	0
chr8	43547936	-64	0
chr8	43547937	-62	1
chr8	43547938	-62	0
chr8	43547939	-59	0
chr8	43547940	-59	0
chr8	43547941	-55	0
chr8	43547942	-55	1
chr8	43547943	-55	0
chr8	43547944	-55	2
chr8	43547945	-54	0
chr8	43547946	-56	0
chr8	43547947	-55	0
chr8	43547948	-44	0
chr8	43547949	-38	0
chr8	43547950	-31	0
chr8	43547951	-37	3
chr8	43547952	-34	0
chr8	43547953	-42	0
chr8	43547954	-42	0
chr8	43547955	-41	0
chr8	43547956	-41	0
chr8	43547957	-39	0
chr8	43547958	-37	0
chr8	43547959	-35	1
chr8	43547960	-34	2
chr8	43547961	-32	1
chr8	43547962	-22	1
chr8	43547963	-21	0
chr8	43547964	-21	0
chr8	43547965	-19	0
chr8	43547966	-18	0
chr8	43547967	-18	0
chr8	43547968	-18	0
chr8	43547969	-22	0
chr8	43547970	-21	0
chr8	43547971	-18	0
chr8	43547972	-22	1
chr8	43547973	-15	0
chr8	43547974	-15	1
chr8	43547975	-9	1
chr8	43547976	-11	0
chr8	43547977	-24	0
chr8	43547978	-24	0
chr8	43547979	-22	0
chr8	43547980	-22	0
chr8	43547981	-20	0
chr8	43547982	-24	0
chr8	43547983	-23	0
chr8	43547984	-17	0
chr8	43547985	-10	0
chr8	43547986	-12	0
chr8	43547987	-12	0
chr8	43547988	-11	0
chr8	43547989	-8	0
chr8	43547990	-10	0
chr8	43547991	-15	0
chr8	43547992	-13	1
chr8	43547993	-21	0
chr8	43547994	-22	0
chr8	43547995	-24	1
chr8	43547996	-28	0
chr8	43547997	-33	0
chr8	43547998	-35	0
chr8	43547999	-36	2
